"Croatia,"				
				
Year	Age	Female	Male	Total
2001	0	0.00736	0.00786	0.00761
2001	1	0.00038	0.00063	0.000505
2001	2	0.00023	0.00043	0.00033
2001	3	0.00021	0.00037	0.00029
2001	4	0.00017	0.00027	0.00022
2001	5	0.00025	0.00008	0.000165
2001	6	0.00013	0.00017	0.00015
2001	7	0.00009	0.00017	0.00013
2001	8	0.00013	0.00028	0.000205
2001	9	0.00018	0.00033	0.000255
2001	10	0.00008	0.00015	0.000115
2001	11	0.00017	0.00008	0.000125
2001	12	0.00004	0.00012	0.00008
2001	13	0.00012	0.00023	0.000175
2001	14	0.00016	0.00057	0.000365
2001	15	0.00008	0.00044	0.00026
2001	16	0.00022	0.00067	0.000445
2001	17	0.00036	0.00083	0.000595
2001	18	0.0004	0.00105	0.000725
2001	19	0.00043	0.00111	0.00077
2001	20	0.00043	0.00088	0.000655
2001	21	0.00035	0.00147	0.00091
2001	22	0.00021	0.00105	0.00063
2001	23	0.00029	0.00164	0.000965
2001	24	0.00033	0.00147	0.0009
2001	25	0.0004	0.00141	0.000905
2001	26	0.00022	0.00106	0.00064
2001	27	0.00026	0.00122	0.00074
2001	28	0.00033	0.00111	0.00072
2001	29	0.00025	0.00099	0.00062
2001	30	0.00041	0.00099	0.0007
2001	31	0.00055	0.00123	0.00089
2001	32	0.00057	0.00139	0.00098
2001	33	0.00059	0.00142	0.001005
2001	34	0.00063	0.0012	0.000915
2001	35	0.00064	0.00223	0.001435
2001	36	0.00065	0.0019	0.001275
2001	37	0.00066	0.00189	0.001275
2001	38	0.00084	0.00209	0.001465
2001	39	0.0011	0.00245	0.001775
2001	40	0.00117	0.00274	0.001955
2001	41	0.00119	0.00319	0.00219
2001	42	0.0011	0.00364	0.00237
2001	43	0.00157	0.00403	0.0028
2001	44	0.00172	0.00439	0.003055
2001	45	0.00156	0.005	0.00328
2001	46	0.00214	0.00545	0.003795
2001	47	0.00227	0.00616	0.004215
2001	48	0.00214	0.00599	0.004065
2001	49	0.0025	0.00747	0.004985
2001	50	0.00291	0.00748	0.005195
2001	51	0.00391	0.0083	0.006105
2001	52	0.00355	0.01012	0.006835
2001	53	0.00415	0.01078	0.007465
2001	54	0.00455	0.01225	0.0084
2001	55	0.00408	0.01133	0.007705
2001	56	0.00508	0.01362	0.00935
2001	57	0.00646	0.01475	0.010605
2001	58	0.00514	0.01646	0.0108
2001	59	0.00664	0.01482	0.01073
2001	60	0.00669	0.01937	0.01303
2001	61	0.00852	0.01996	0.01424
2001	62	0.00941	0.02176	0.015585
2001	63	0.00973	0.0237	0.016715
2001	64	0.01091	0.02719	0.01905
2001	65	0.0117	0.02821	0.019955
2001	66	0.0139	0.03082	0.02236
2001	67	0.01461	0.0347	0.024655
2001	68	0.01827	0.03854	0.028405
2001	69	0.02082	0.04219	0.031505
2001	70	0.02385	0.04591	0.03488
2001	71	0.02649	0.05098	0.038735
2001	72	0.03022	0.05324	0.04173
2001	73	0.0317	0.05738	0.04454
2001	74	0.03695	0.06445	0.0507
2001	75	0.04361	0.06663	0.05512
2001	76	0.04842	0.07737	0.062895
2001	77	0.05208	0.07399	0.063035
2001	78	0.06085	0.08617	0.07351
2001	79	0.07145	0.10026	0.085855
2001	80	0.07551	0.10927	0.09239
2001	81	0.0962	0.13031	0.113255
2001	82	0.08777	0.10701	0.09739
2001	83	0.10624	0.12185	0.114045
2001	84	0.12803	0.159	0.143515
2001	85	0.12069	0.15785	0.13927
2001	86	0.14267	0.18762	0.165145
2001	87	0.17351	0.19141	0.18246
2001	88	0.18099	0.22101	0.201
2001	89	0.19461	0.22209	0.20835
2001	90	0.20925	0.25548	0.232365
2001	91	0.25779	0.3031	0.280445
2001	92	0.27034	0.31018	0.29026
2001	93	0.31056	0.3841	0.34733
2001	94	0.31642	0.35217	0.334295
2001	95	0.34337	0.37754	0.360455
2001	96	0.37137	0.4036	0.387485
2001	97	0.40026	0.43022	0.41524
2001	98	0.42987	0.45724	0.443555
2001	99	0.45998	0.48453	0.472255
2001	100	0.49039	0.5119	0.501145
2001	101	0.52087	0.5392	0.530035
2001	102	0.55119	0.56627	0.55873
2001	103	0.58114	0.59295	0.587045
2001	104	0.6105	0.61909	0.614795
2001	105	0.63909	0.64456	0.641825
2001	106	0.66672	0.66924	0.66798
2001	107	0.69325	0.69302	0.693135
2001	108	0.71856	0.71582	0.71719
2001	109	0.74255	0.73756	0.740055
2001	110+	0.76517	0.7582	0.761685
2002	0	0.00633	0.0078	0.007065
2002	1	0.00044	0.0007	0.00057
2002	2	0.00019	0.00031	0.00025
2002	3	0.00027	0.00017	0.00022
2002	4	0.00009	0.00029	0.00019
2002	5	0.00016	0.00016	0.00016
2002	6	0.00017	0.00024	0.000205
2002	7	0.00009	0.00008	0.000085
2002	8	0.00009	0.00029	0.00019
2002	9	0.00009	0.00012	0.000105
2002	10	0.00004	0.00012	0.00008
2002	11	0.00012	0	0.00006
2002	12	0.00004	0.00024	0.00014
2002	13	0	0.00019	0.000095
2002	14	0.00012	0.00022	0.00017
2002	15	0.00012	0.00038	0.00025
2002	16	0.00031	0.00055	0.00043
2002	17	0.00011	0.00077	0.00044
2002	18	0.00051	0.00062	0.000565
2002	19	0.0004	0.00146	0.00093
2002	20	0.00022	0.00138	0.0008
2002	21	0.0005	0.00142	0.00096
2002	22	0.00053	0.001	0.000765
2002	23	0.00042	0.00131	0.000865
2002	24	0.00043	0.00136	0.000895
2002	25	0.00025	0.00104	0.000645
2002	26	0.00018	0.00119	0.000685
2002	27	0.00033	0.00124	0.000785
2002	28	0.00036	0.00129	0.000825
2002	29	0.00032	0.00114	0.00073
2002	30	0.00029	0.00148	0.000885
2002	31	0.0003	0.00092	0.00061
2002	32	0.00062	0.00152	0.00107
2002	33	0.00053	0.00139	0.00096
2002	34	0.00059	0.00141	0.001
2002	35	0.00046	0.00166	0.00106
2002	36	0.00083	0.00187	0.00135
2002	37	0.00101	0.00138	0.001195
2002	38	0.00083	0.00173	0.00128
2002	39	0.00084	0.00274	0.00179
2002	40	0.0011	0.0028	0.00195
2002	41	0.00135	0.00308	0.002215
2002	42	0.00104	0.00307	0.002055
2002	43	0.00119	0.00358	0.002385
2002	44	0.00166	0.00407	0.002865
2002	45	0.00213	0.00401	0.00307
2002	46	0.00186	0.0049	0.00338
2002	47	0.0025	0.00579	0.004145
2002	48	0.0027	0.00619	0.004445
2002	49	0.00229	0.00774	0.005015
2002	50	0.00276	0.0079	0.00533
2002	51	0.0036	0.00916	0.00638
2002	52	0.00404	0.00951	0.006775
2002	53	0.00336	0.00934	0.00635
2002	54	0.00353	0.0122	0.007865
2002	55	0.00412	0.01146	0.00779
2002	56	0.0048	0.01159	0.008195
2002	57	0.00625	0.01413	0.01019
2002	58	0.00627	0.01427	0.01027
2002	59	0.00648	0.01875	0.012615
2002	60	0.00721	0.01682	0.012015
2002	61	0.00812	0.01985	0.013985
2002	62	0.00831	0.02274	0.015525
2002	63	0.00765	0.02427	0.01596
2002	64	0.01084	0.02717	0.019005
2002	65	0.01299	0.03005	0.02152
2002	66	0.01375	0.0287	0.021225
2002	67	0.01587	0.03505	0.02546
2002	68	0.01704	0.03838	0.02771
2002	69	0.02042	0.04182	0.03112
2002	70	0.02301	0.04446	0.033735
2002	71	0.02572	0.05023	0.037975
2002	72	0.03003	0.05564	0.042835
2002	73	0.03127	0.05953	0.0454
2002	74	0.03377	0.06542	0.049595
2002	75	0.04292	0.06534	0.05413
2002	76	0.04758	0.0754	0.06149
2002	77	0.05451	0.08288	0.068695
2002	78	0.0611	0.09501	0.078055
2002	79	0.06897	0.10458	0.086775
2002	80	0.07302	0.11602	0.09452
2002	81	0.08634	0.12024	0.10329
2002	82	0.1034	0.14828	0.12584
2002	83	0.09315	0.12104	0.107095
2002	84	0.10542	0.14243	0.123925
2002	85	0.15025	0.19317	0.17171
2002	86	0.1306	0.14673	0.138665
2002	87	0.18597	0.2219	0.203935
2002	88	0.18297	0.22315	0.20306
2002	89	0.2092	0.22846	0.21883
2002	90	0.24403	0.273	0.258515
2002	91	0.25177	0.29025	0.27101
2002	92	0.26513	0.31081	0.28797
2002	93	0.29808	0.33938	0.31873
2002	94	0.33043	0.34741	0.33892
2002	95	0.35952	0.37117	0.365345
2002	96	0.38968	0.39558	0.39263
2002	97	0.4207	0.42051	0.420605
2002	98	0.45237	0.44585	0.44911
2002	99	0.48442	0.47148	0.47795
2002	100	0.5166	0.49727	0.506935
2002	101	0.54865	0.52306	0.535855
2002	102	0.5803	0.54874	0.56452
2002	103	0.6113	0.57415	0.592725
2002	104	0.64142	0.59918	0.6203
2002	105	0.67047	0.62371	0.64709
2002	106	0.69827	0.64761	0.67294
2002	107	0.7247	0.6708	0.69775
2002	108	0.74963	0.69319	0.72141
2002	109	0.77302	0.7147	0.74386
2002	110+	0.79482	0.73528	0.76505
2003	0	0.0054	0.00739	0.006395
2003	1	0.00041	0.00019	0.0003
2003	2	0.00025	0.00042	0.000335
2003	3	0.00005	0.00031	0.00018
2003	4	0.00013	0.00021	0.00017
2003	5	0.00013	0.0002	0.000165
2003	6	0.00008	0.00008	0.00008
2003	7	0.00008	0.00012	0.0001
2003	8	0.00013	0.00021	0.00017
2003	9	0.00026	0.00029	0.000275
2003	10	0.00008	0.00016	0.00012
2003	11	0.00022	0.00033	0.000275
2003	12	0.00012	0.00008	0.0001
2003	13	0.00008	0.00028	0.00018
2003	14	0.00008	0.00053	0.000305
2003	15	0.00019	0.00037	0.00028
2003	16	0.00027	0.00083	0.00055
2003	17	0.00038	0.0007	0.00054
2003	18	0.00058	0.00087	0.000725
2003	19	0.00036	0.0009	0.00063
2003	20	0.00022	0.00153	0.000875
2003	21	0.00029	0.00096	0.000625
2003	22	0.00028	0.00115	0.000715
2003	23	0.00028	0.00139	0.000835
2003	24	0.00032	0.00121	0.000765
2003	25	0.00046	0.00112	0.00079
2003	26	0.00011	0.00132	0.000715
2003	27	0.00025	0.00126	0.000755
2003	28	0.00047	0.00106	0.000765
2003	29	0.00036	0.00096	0.00066
2003	30	0.00065	0.00153	0.00109
2003	31	0.00061	0.00162	0.001115
2003	32	0.00033	0.00143	0.00088
2003	33	0.00054	0.00141	0.000975
2003	34	0.00035	0.00167	0.00101
2003	35	0.00069	0.00141	0.00105
2003	36	0.00059	0.00166	0.001125
2003	37	0.00067	0.00174	0.001205
2003	38	0.00078	0.00223	0.001505
2003	39	0.00086	0.00153	0.001195
2003	40	0.00097	0.00254	0.001755
2003	41	0.00135	0.00328	0.002315
2003	42	0.00135	0.00333	0.00234
2003	43	0.00113	0.00354	0.002335
2003	44	0.00165	0.00384	0.002745
2003	45	0.00173	0.00392	0.002825
2003	46	0.0024	0.0055	0.00395
2003	47	0.00274	0.00548	0.00411
2003	48	0.00247	0.00584	0.004155
2003	49	0.0022	0.00684	0.00452
2003	50	0.00316	0.00812	0.00564
2003	51	0.00321	0.00772	0.005465
2003	52	0.00381	0.01032	0.007065
2003	53	0.00354	0.00987	0.006705
2003	54	0.00425	0.00951	0.00688
2003	55	0.00467	0.01238	0.008525
2003	56	0.0051	0.01387	0.009485
2003	57	0.00553	0.01421	0.00987
2003	58	0.00557	0.01566	0.010615
2003	59	0.00617	0.0176	0.011885
2003	60	0.00761	0.01825	0.01293
2003	61	0.00825	0.02026	0.014255
2003	62	0.00802	0.0209	0.01446
2003	63	0.01033	0.02433	0.01733
2003	64	0.01025	0.02372	0.016985
2003	65	0.01141	0.02889	0.02015
2003	66	0.01368	0.03205	0.022865
2003	67	0.01409	0.03301	0.02355
2003	68	0.01637	0.03874	0.027555
2003	69	0.02037	0.04374	0.032055
2003	70	0.02154	0.04506	0.0333
2003	71	0.02604	0.05227	0.039155
2003	72	0.02738	0.05456	0.04097
2003	73	0.03294	0.05951	0.046225
2003	74	0.03769	0.06674	0.052215
2003	75	0.0433	0.06952	0.05641
2003	76	0.0499	0.08306	0.06648
2003	77	0.05632	0.08718	0.07175
2003	78	0.06085	0.09444	0.077645
2003	79	0.06806	0.09907	0.083565
2003	80	0.08177	0.11088	0.096325
2003	81	0.09123	0.12686	0.109045
2003	82	0.10037	0.12027	0.11032
2003	83	0.12409	0.17272	0.148405
2003	84	0.11867	0.15443	0.13655
2003	85	0.12707	0.17958	0.153325
2003	86	0.16288	0.19571	0.179295
2003	87	0.17426	0.17975	0.177005
2003	88	0.20379	0.25317	0.22848
2003	89	0.2167	0.24728	0.23199
2003	90	0.24718	0.28152	0.26435
2003	91	0.24661	0.28989	0.26825
2003	92	0.27908	0.3259	0.30249
2003	93	0.31913	0.40142	0.360275
2003	94	0.33972	0.38297	0.361345
2003	95	0.36841	0.41047	0.38944
2003	96	0.39807	0.43855	0.41831
2003	97	0.4285	0.46702	0.44776
2003	98	0.45948	0.49571	0.477595
2003	99	0.49077	0.52443	0.5076
2003	100	0.52213	0.55299	0.53756
2003	101	0.55333	0.5812	0.567265
2003	102	0.5841	0.60889	0.596495
2003	103	0.61424	0.6359	0.62507
2003	104	0.64352	0.66208	0.6528
2003	105	0.67177	0.6873	0.679535
2003	106	0.69883	0.71146	0.705145
2003	107	0.72458	0.73447	0.729525
2003	108	0.74891	0.75628	0.752595
2003	109	0.77177	0.77684	0.774305
2003	110+	0.79312	0.79613	0.794625
2004	0	0.00612	0.00641	0.006265
2004	1	0.00031	0.0006	0.000455
2004	2	0.00005	0.00044	0.000245
2004	3	0.0001	0.00023	0.000165
2004	4	0.00014	0.00027	0.000205
2004	5	0.00018	0.00017	0.000175
2004	6	0.00008	0.00012	0.0001
2004	7	0.00004	0.00023	0.000135
2004	8	0.00025	0	0.000125
2004	9	0.00004	0.00016	0.0001
2004	10	0.00017	0.00025	0.00021
2004	11	0	0.00016	0.00008
2004	12	0	0.00016	0.00008
2004	13	0.00008	0.00015	0.000115
2004	14	0.00016	0.00035	0.000255
2004	15	0.0002	0.0003	0.00025
2004	16	0.00023	0.00026	0.000245
2004	17	0.00035	0.00087	0.00061
2004	18	0.00027	0.00132	0.000795
2004	19	0.00029	0.00073	0.00051
2004	20	0.00029	0.00089	0.00059
2004	21	0.00036	0.00131	0.000835
2004	22	0.00021	0.00058	0.000395
2004	23	0.00046	0.00114	0.0008
2004	24	0.00056	0.00096	0.00076
2004	25	0.00035	0.00083	0.00059
2004	26	0.00042	0.00155	0.000985
2004	27	0.00021	0.00131	0.00076
2004	28	0.00018	0.00167	0.000925
2004	29	0.00039	0.00109	0.00074
2004	30	0.0004	0.00124	0.00082
2004	31	0.00057	0.00117	0.00087
2004	32	0.0006	0.00133	0.000965
2004	33	0.0007	0.00131	0.001005
2004	34	0.00051	0.0014	0.000955
2004	35	0.00067	0.00145	0.00106
2004	36	0.00062	0.00127	0.000945
2004	37	0.00099	0.00185	0.00142
2004	38	0.00086	0.00206	0.00146
2004	39	0.00097	0.00179	0.00138
2004	40	0.00115	0.00202	0.001585
2004	41	0.00142	0.00267	0.002045
2004	42	0.00081	0.00267	0.00174
2004	43	0.00153	0.00305	0.00229
2004	44	0.00116	0.0044	0.00278
2004	45	0.00134	0.00415	0.002745
2004	46	0.00234	0.00483	0.003585
2004	47	0.00243	0.00476	0.003595
2004	48	0.00218	0.00555	0.003865
2004	49	0.00313	0.00625	0.00469
2004	50	0.00263	0.0074	0.005015
2004	51	0.00353	0.00813	0.00583
2004	52	0.00324	0.00864	0.00594
2004	53	0.00378	0.00995	0.006865
2004	54	0.00411	0.00978	0.006945
2004	55	0.00422	0.01128	0.00775
2004	56	0.00403	0.01288	0.008455
2004	57	0.00501	0.01481	0.00991
2004	58	0.00508	0.01231	0.008695
2004	59	0.00577	0.01511	0.01044
2004	60	0.00614	0.0155	0.01082
2004	61	0.00753	0.01921	0.01337
2004	62	0.00784	0.02127	0.014555
2004	63	0.00956	0.0233	0.01643
2004	64	0.00976	0.02364	0.0167
2004	65	0.01059	0.02573	0.01816
2004	66	0.01205	0.02889	0.02047
2004	67	0.01346	0.03241	0.022935
2004	68	0.01586	0.03364	0.02475
2004	69	0.01799	0.03978	0.028885
2004	70	0.02076	0.04501	0.032885
2004	71	0.02297	0.0475	0.035235
2004	72	0.02751	0.05059	0.03905
2004	73	0.03021	0.05991	0.04506
2004	74	0.03495	0.06287	0.04891
2004	75	0.03918	0.0727	0.05594
2004	76	0.04465	0.07148	0.058065
2004	77	0.05099	0.08263	0.06681
2004	78	0.05659	0.09039	0.07349
2004	79	0.06215	0.09514	0.078645
2004	80	0.07162	0.10883	0.090225
2004	81	0.08118	0.11433	0.097755
2004	82	0.09524	0.12967	0.112455
2004	83	0.09538	0.1314	0.11339
2004	84	0.12589	0.15951	0.1427
2004	85	0.10668	0.13833	0.122505
2004	86	0.13081	0.18066	0.155735
2004	87	0.17931	0.19924	0.189275
2004	88	0.17154	0.20117	0.186355
2004	89	0.22221	0.23081	0.22651
2004	90	0.22606	0.24358	0.23482
2004	91	0.24213	0.24877	0.24545
2004	92	0.24248	0.36041	0.301445
2004	93	0.28888	0.31438	0.30163
2004	94	0.31567	0.33749	0.32658
2004	95	0.34374	0.36141	0.352575
2004	96	0.37295	0.38604	0.379495
2004	97	0.40312	0.41126	0.40719
2004	98	0.43404	0.43696	0.4355
2004	99	0.46548	0.463	0.46424
2004	100	0.4972	0.48925	0.493225
2004	101	0.52893	0.51555	0.52224
2004	102	0.56044	0.54177	0.551105
2004	103	0.59147	0.56776	0.579615
2004	104	0.62178	0.59338	0.60758
2004	105	0.65118	0.6185	0.63484
2004	106	0.67946	0.64301	0.661235
2004	107	0.70649	0.66679	0.68664
2004	108	0.73213	0.68975	0.71094
2004	109	0.75631	0.71181	0.73406
2004	110+	0.77897	0.73291	0.75594
2005	0	0.00579	0.00584	0.005815
2005	1	0.00042	0.0003	0.00036
2005	2	0.00016	0.00035	0.000255
2005	3	0.00005	0.00039	0.00022
2005	4	0.0001	0.00014	0.00012
2005	5	0.00014	0.00009	0.000115
2005	6	0.00013	0.0003	0.000215
2005	7	0	0.00016	0.00008
2005	8	0.00012	0.00008	0.0001
2005	9	0.00004	0.00024	0.00014
2005	10	0.00008	0.00029	0.000185
2005	11	0.00021	0.00008	0.000145
2005	12	0	0.00016	0.00008
2005	13	0.00022	0.00008	0.00015
2005	14	0	0.0003	0.00015
2005	15	0.00024	0.00043	0.000335
2005	16	0.00028	0.00053	0.000405
2005	17	0.00027	0.00074	0.000505
2005	18	0.00051	0.00102	0.000765
2005	19	0.0003	0.00114	0.00072
2005	20	0.00036	0.00083	0.000595
2005	21	0.00021	0.00116	0.000685
2005	22	0.00032	0.00092	0.00062
2005	23	0.00014	0.00088	0.00051
2005	24	0.00028	0.0011	0.00069
2005	25	0.00038	0.00158	0.00098
2005	26	0.00024	0.00146	0.00085
2005	27	0.00035	0.00118	0.000765
2005	28	0.00032	0.001	0.00066
2005	29	0.00028	0.00118	0.00073
2005	30	0.00036	0.00154	0.00095
2005	31	0.00029	0.00131	0.0008
2005	32	0.00043	0.00123	0.00083
2005	33	0.0005	0.00122	0.00086
2005	34	0.00059	0.00142	0.001005
2005	35	0.00076	0.00111	0.000935
2005	36	0.00074	0.00173	0.001235
2005	37	0.00075	0.00164	0.001195
2005	38	0.00082	0.0024	0.00161
2005	39	0.0007	0.00176	0.00123
2005	40	0.00094	0.00267	0.001805
2005	41	0.00122	0.00301	0.002115
2005	42	0.00087	0.0027	0.001785
2005	43	0.00156	0.0032	0.00238
2005	44	0.0011	0.00311	0.002105
2005	45	0.00192	0.00391	0.002915
2005	46	0.00199	0.00439	0.00319
2005	47	0.00216	0.00567	0.003915
2005	48	0.00237	0.00571	0.00404
2005	49	0.00248	0.0069	0.00469
2005	50	0.00262	0.00797	0.005295
2005	51	0.00324	0.00842	0.00583
2005	52	0.00338	0.00961	0.006495
2005	53	0.00426	0.00932	0.00679
2005	54	0.00392	0.01076	0.00734
2005	55	0.00457	0.01237	0.00847
2005	56	0.00403	0.01346	0.008745
2005	57	0.0049	0.01374	0.00932
2005	58	0.0047	0.01504	0.00987
2005	59	0.00591	0.01489	0.0104
2005	60	0.00692	0.01795	0.012435
2005	61	0.00757	0.01935	0.01346
2005	62	0.00803	0.01973	0.01388
2005	63	0.00835	0.02296	0.015655
2005	64	0.00964	0.02507	0.017355
2005	65	0.01103	0.0292	0.020115
2005	66	0.01265	0.0277	0.020175
2005	67	0.01429	0.03136	0.022825
2005	68	0.01604	0.03479	0.025415
2005	69	0.01627	0.03926	0.027765
2005	70	0.01929	0.04111	0.0302
2005	71	0.02213	0.0463	0.034215
2005	72	0.02569	0.05152	0.038605
2005	73	0.02927	0.05808	0.043675
2005	74	0.03519	0.06021	0.0477
2005	75	0.03964	0.06863	0.054135
2005	76	0.04399	0.07055	0.05727
2005	77	0.05232	0.07962	0.06597
2005	78	0.05701	0.08374	0.070375
2005	79	0.06663	0.10051	0.08357
2005	80	0.07482	0.10615	0.090485
2005	81	0.08716	0.12503	0.106095
2005	82	0.09821	0.12204	0.110125
2005	83	0.11635	0.14712	0.131735
2005	84	0.12234	0.15347	0.137905
2005	85	0.15086	0.1791	0.16498
2005	86	0.128	0.16424	0.14612
2005	87	0.15397	0.19842	0.176195
2005	88	0.19721	0.21685	0.20703
2005	89	0.19589	0.24537	0.22063
2005	90	0.25043	0.2771	0.263765
2005	91	0.23616	0.30776	0.27196
2005	92	0.28218	0.29481	0.288495
2005	93	0.26205	0.37413	0.31809
2005	94	0.33015	0.36401	0.34708
2005	95	0.35861	0.39036	0.374485
2005	96	0.38811	0.41736	0.402735
2005	97	0.41845	0.44487	0.43166
2005	98	0.44942	0.47272	0.46107
2005	99	0.48078	0.50074	0.49076
2005	100	0.5123	0.52875	0.520525
2005	101	0.54372	0.55659	0.550155
2005	102	0.5748	0.58408	0.57944
2005	103	0.6053	0.61105	0.608175
2005	104	0.635	0.63736	0.63618
2005	105	0.6637	0.66287	0.663285
2005	106	0.69125	0.68747	0.68936
2005	107	0.7175	0.71105	0.714275
2005	108	0.74235	0.73354	0.737945
2005	109	0.76573	0.75489	0.76031
2005	110+	0.78759	0.77505	0.78132
2006	0	0.00548	0.00494	0.00521
2006	1	0.00015	0.00023	0.00019
2006	2	0.00021	0.00034	0.000275
2006	3	0.00026	0.00025	0.000255
2006	4	0.00025	0.00024	0.000245
2006	5	0.00015	0.00005	0.0001
2006	6	0.00005	0.00018	0.000115
2006	7	0.00027	0.00021	0.00024
2006	8	0.00004	0.00024	0.00014
2006	9	0.00012	0.00012	0.00012
2006	10	0	0	0
2006	11	0.00013	0.00016	0.000145
2006	12	0.00004	0.00008	0.00006
2006	13	0.00008	0.00044	0.00026
2006	14	0.00026	0.00016	0.00021
2006	15	0.00016	0.00038	0.00027
2006	16	0.0002	0.00055	0.000375
2006	17	0.0004	0.00057	0.000485
2006	18	0.00008	0.00052	0.0003
2006	19	0.00039	0.00105	0.00072
2006	20	0.00045	0.00102	0.000735
2006	21	0.00029	0.001	0.000645
2006	22	0.0005	0.00135	0.000925
2006	23	0.00021	0.00109	0.00065
2006	24	0.00046	0.00108	0.00077
2006	25	0.00031	0.00156	0.000935
2006	26	0.00031	0.00098	0.000645
2006	27	0.00031	0.00109	0.0007
2006	28	0.00024	0.0011	0.00067
2006	29	0.00035	0.00089	0.00062
2006	30	0.00042	0.00135	0.000885
2006	31	0.00018	0.00094	0.00056
2006	32	0.00039	0.00088	0.000635
2006	33	0.00043	0.00084	0.000635
2006	34	0.00049	0.00146	0.000975
2006	35	0.00055	0.00152	0.001035
2006	36	0.00036	0.00146	0.00091
2006	37	0.00067	0.00158	0.001125
2006	38	0.00082	0.00201	0.001415
2006	39	0.00102	0.00217	0.001595
2006	40	0.00083	0.00275	0.00179
2006	41	0.00123	0.00237	0.0018
2006	42	0.00092	0.00271	0.001815
2006	43	0.00116	0.00318	0.00217
2006	44	0.00141	0.00343	0.00242
2006	45	0.00163	0.00452	0.003075
2006	46	0.00177	0.00475	0.00326
2006	47	0.00226	0.00572	0.00399
2006	48	0.00243	0.00563	0.00403
2006	49	0.00226	0.00641	0.004335
2006	50	0.00346	0.00724	0.00535
2006	51	0.00301	0.00781	0.00541
2006	52	0.00316	0.00956	0.00636
2006	53	0.00307	0.00949	0.00628
2006	54	0.00388	0.0098	0.00684
2006	55	0.00429	0.01194	0.008115
2006	56	0.00407	0.01316	0.008615
2006	57	0.00471	0.01168	0.008195
2006	58	0.00555	0.01543	0.01049
2006	59	0.00599	0.0153	0.010645
2006	60	0.00565	0.01535	0.0105
2006	61	0.00847	0.01621	0.01234
2006	62	0.00818	0.02132	0.01475
2006	63	0.00864	0.02081	0.014725
2006	64	0.0082	0.02218	0.01519
2006	65	0.01034	0.02458	0.01746
2006	66	0.01138	0.02586	0.01862
2006	67	0.01292	0.02635	0.019635
2006	68	0.01451	0.03515	0.02483
2006	69	0.01675	0.03451	0.02563
2006	70	0.01906	0.0385	0.02878
2006	71	0.02219	0.04451	0.03335
2006	72	0.02519	0.04647	0.03583
2006	73	0.02687	0.05414	0.040505
2006	74	0.03265	0.05986	0.046255
2006	75	0.03825	0.0656	0.051925
2006	76	0.0415	0.06946	0.05548
2006	77	0.04797	0.07729	0.06263
2006	78	0.05255	0.08727	0.06991
2006	79	0.06628	0.09613	0.081205
2006	80	0.0699	0.1064	0.08815
2006	81	0.07837	0.11472	0.096545
2006	82	0.09657	0.1272	0.111885
2006	83	0.10492	0.14224	0.12358
2006	84	0.1152	0.14786	0.13153
2006	85	0.12752	0.16219	0.144855
2006	86	0.15704	0.19292	0.17498
2006	87	0.14876	0.17688	0.16282
2006	88	0.16855	0.17758	0.173065
2006	89	0.22538	0.23554	0.23046
2006	90	0.17245	0.24322	0.207835
2006	91	0.29125	0.30435	0.2978
2006	92	0.24612	0.31667	0.281395
2006	93	0.28602	0.28936	0.28769
2006	94	0.31654	0.3375	0.32702
2006	95	0.34458	0.36129	0.352935
2006	96	0.37376	0.38579	0.379775
2006	97	0.40388	0.41089	0.407385
2006	98	0.43474	0.43645	0.435595
2006	99	0.46611	0.46236	0.464235
2006	100	0.49776	0.48847	0.493115
2006	101	0.52943	0.51464	0.522035
2006	102	0.56086	0.54074	0.5508
2006	103	0.59181	0.56661	0.57921
2006	104	0.62204	0.59212	0.60708
2006	105	0.65136	0.61715	0.634255
2006	106	0.67958	0.64157	0.660575
2006	107	0.70654	0.66528	0.68591
2006	108	0.73212	0.68818	0.71015
2006	109	0.75625	0.7102	0.733225
2006	110+	0.77885	0.73127	0.75506
2007	0	0.00611	0.00548	0.005795
2007	1	0.0004	0.00051	0.000455
2007	2	0.0002	0.00014	0.00017
2007	3	0.00005	0.00025	0.00015
2007	4	0	0.00015	0.000075
2007	5	0.00015	0.00005	0.0001
2007	6	0.00015	0.00018	0.000165
2007	7	0.00014	0.00022	0.00018
2007	8	0.00022	0.00008	0.00015
2007	9	0.00013	0.00016	0.000145
2007	10	0.00008	0.00012	0.0001
2007	11	0.00004	0.00016	0.0001
2007	12	0.00008	0.00016	0.00012
2007	13	0.00017	0.00016	0.000165
2007	14	0.00013	0.0002	0.000165
2007	15	0.00009	0.00037	0.00023
2007	16	0.00028	0.00072	0.0005
2007	17	0.00012	0.00051	0.000315
2007	18	0.00028	0.00095	0.000615
2007	19	0.00042	0.00125	0.000835
2007	20	0.00031	0.00093	0.00062
2007	21	0.00037	0.00119	0.00078
2007	22	0.00032	0.00126	0.00079
2007	23	0.00028	0.00128	0.00078
2007	24	0.00018	0.00115	0.000665
2007	25	0.00039	0.00084	0.000615
2007	26	0.00021	0.00139	0.0008
2007	27	0.00041	0.00095	0.00068
2007	28	0.00031	0.00096	0.000635
2007	29	0.00035	0.00117	0.00076
2007	30	0.00049	0.00103	0.00076
2007	31	0.00021	0.00124	0.000725
2007	32	0.00036	0.00111	0.000735
2007	33	0.0005	0.00175	0.001125
2007	34	0.00064	0.00136	0.001
2007	35	0.00063	0.00156	0.001095
2007	36	0.00066	0.00141	0.001035
2007	37	0.00039	0.00157	0.00098
2007	38	0.00091	0.00168	0.001295
2007	39	0.00085	0.00197	0.00141
2007	40	0.00043	0.00217	0.0013
2007	41	0.00124	0.00246	0.00185
2007	42	0.00091	0.00279	0.00185
2007	43	0.00115	0.00327	0.00221
2007	44	0.00135	0.00292	0.002135
2007	45	0.00156	0.0044	0.00298
2007	46	0.00178	0.00443	0.003105
2007	47	0.00192	0.00497	0.003445
2007	48	0.00287	0.00518	0.004025
2007	49	0.0025	0.00574	0.00412
2007	50	0.00253	0.00763	0.00508
2007	51	0.00302	0.00773	0.005375
2007	52	0.00314	0.00854	0.00584
2007	53	0.00409	0.01058	0.007335
2007	54	0.00489	0.01062	0.007755
2007	55	0.00481	0.01102	0.007915
2007	56	0.00417	0.01197	0.00807
2007	57	0.00531	0.01399	0.00965
2007	58	0.00533	0.01562	0.010475
2007	59	0.0061	0.0148	0.01045
2007	60	0.00687	0.01659	0.01173
2007	61	0.00655	0.01612	0.011335
2007	62	0.00762	0.02032	0.01397
2007	63	0.00717	0.02157	0.01437
2007	64	0.00921	0.02435	0.01678
2007	65	0.01081	0.02646	0.018635
2007	66	0.01073	0.02793	0.01933
2007	67	0.01231	0.03101	0.02166
2007	68	0.01514	0.03172	0.02343
2007	69	0.01655	0.03585	0.0262
2007	70	0.02075	0.04114	0.030945
2007	71	0.01951	0.04483	0.03217
2007	72	0.02343	0.04792	0.035675
2007	73	0.02561	0.05317	0.03939
2007	74	0.03063	0.05733	0.04398
2007	75	0.03617	0.06897	0.05257
2007	76	0.0438	0.07605	0.059925
2007	77	0.04787	0.08296	0.065415
2007	78	0.05526	0.08741	0.071335
2007	79	0.06397	0.09329	0.07863
2007	80	0.06993	0.10425	0.08709
2007	81	0.08262	0.11984	0.10123
2007	82	0.09689	0.11901	0.10795
2007	83	0.10552	0.13327	0.119395
2007	84	0.12237	0.14601	0.13419
2007	85	0.13573	0.18164	0.158685
2007	86	0.15109	0.17283	0.16196
2007	87	0.19127	0.22305	0.20716
2007	88	0.17295	0.18307	0.17801
2007	89	0.19704	0.21279	0.204915
2007	90	0.23375	0.28057	0.25716
2007	91	0.22563	0.25768	0.241655
2007	92	0.30898	0.33567	0.322325
2007	93	0.2742	0.31191	0.293055
2007	94	0.34197	0.36753	0.35475
2007	95	0.36508	0.38101	0.373045
2007	96	0.39599	0.40777	0.40188
2007	97	0.42775	0.4351	0.431425
2007	98	0.46012	0.46282	0.46147
2007	99	0.49283	0.49077	0.4918
2007	100	0.5256	0.51879	0.522195
2007	101	0.55815	0.54668	0.552415
2007	102	0.59021	0.57429	0.58225
2007	103	0.62152	0.60143	0.611475
2007	104	0.65185	0.62797	0.63991
2007	105	0.681	0.65376	0.66738
2007	106	0.7088	0.67868	0.69374
2007	107	0.73511	0.70262	0.718865
2007	108	0.75986	0.7255	0.74268
2007	109	0.78297	0.74725	0.76511
2007	110+	0.80443	0.76783	0.78613
2008	0	0.00349	0.00567	0.00458
2008	1	0.00046	0.00043	0.000445
2008	2	0.00015	0.00019	0.00017
2008	3	0.00024	0.00014	0.00019
2008	4	0.0001	0.00034	0.00022
2008	5	0.0001	0.00024	0.00017
2008	6	0.0001	0.00019	0.000145
2008	7	0.00005	0.00014	0.000095
2008	8	0.00005	0	0.000025
2008	9	0.00009	0.00017	0.00013
2008	10	0.00008	0.00008	0.00008
2008	11	0.00016	0.00011	0.000135
2008	12	0.00012	0.00008	0.0001
2008	13	0.00013	0.00016	0.000145
2008	14	0.00009	0.00033	0.00021
2008	15	0.00008	0.00052	0.0003
2008	16	0.00013	0.00053	0.00033
2008	17	0.00024	0.00053	0.000385
2008	18	0.00032	0.0009	0.00061
2008	19	0.00032	0.00098	0.00065
2008	20	0.00038	0.00102	0.0007
2008	21	0.00031	0.00137	0.00084
2008	22	0.00026	0.00101	0.000635
2008	23	0.00014	0.00129	0.000715
2008	24	0.00035	0.0012	0.000775
2008	25	0.00028	0.00087	0.000575
2008	26	0.00035	0.00124	0.000795
2008	27	0.00014	0.00092	0.00053
2008	28	0.00034	0.0012	0.00077
2008	29	0.00034	0.00115	0.000745
2008	30	0.00049	0.00087	0.00068
2008	31	0.00039	0.00092	0.000655
2008	32	0.00032	0.00144	0.00088
2008	33	0.00039	0.00138	0.000885
2008	34	0.0005	0.0015	0.001
2008	35	0.00039	0.00163	0.00101
2008	36	0.00071	0.00162	0.001165
2008	37	0.00055	0.00195	0.00125
2008	38	0.00129	0.00188	0.001585
2008	39	0.00081	0.00213	0.00147
2008	40	0.00065	0.00252	0.001585
2008	41	0.00095	0.00249	0.00172
2008	42	0.00146	0.00304	0.00225
2008	43	0.00123	0.00364	0.002435
2008	44	0.00154	0.00337	0.002455
2008	45	0.00141	0.00428	0.002845
2008	46	0.00178	0.00441	0.003095
2008	47	0.00224	0.00476	0.0035
2008	48	0.00238	0.0062	0.00429
2008	49	0.00205	0.00688	0.004465
2008	50	0.00281	0.0071	0.004955
2008	51	0.0031	0.00726	0.00518
2008	52	0.00347	0.00908	0.006275
2008	53	0.00305	0.01051	0.00678
2008	54	0.00416	0.0104	0.00728
2008	55	0.00447	0.01172	0.008095
2008	56	0.00435	0.01168	0.008015
2008	57	0.00562	0.01232	0.00897
2008	58	0.00646	0.01465	0.010555
2008	59	0.00599	0.01746	0.011725
2008	60	0.00592	0.01761	0.011765
2008	61	0.00721	0.01817	0.01269
2008	62	0.00737	0.02074	0.014055
2008	63	0.00883	0.01977	0.0143
2008	64	0.01064	0.02486	0.01775
2008	65	0.00979	0.02419	0.01699
2008	66	0.01218	0.028	0.02009
2008	67	0.01375	0.0288	0.021275
2008	68	0.01383	0.032	0.022915
2008	69	0.0155	0.03446	0.02498
2008	70	0.01636	0.03998	0.02817
2008	71	0.02072	0.04292	0.03182
2008	72	0.02096	0.04537	0.033165
2008	73	0.02579	0.052	0.038895
2008	74	0.0312	0.05662	0.04391
2008	75	0.03677	0.06521	0.05099
2008	76	0.04198	0.06867	0.055325
2008	77	0.04476	0.07483	0.059795
2008	78	0.05332	0.08123	0.067275
2008	79	0.0634	0.09531	0.079355
2008	80	0.07323	0.09731	0.08527
2008	81	0.08173	0.11684	0.099285
2008	82	0.09094	0.12462	0.10778
2008	83	0.10519	0.1237	0.114445
2008	84	0.11681	0.15387	0.13534
2008	85	0.12498	0.15972	0.14235
2008	86	0.14035	0.17117	0.15576
2008	87	0.16578	0.17763	0.171705
2008	88	0.19684	0.24811	0.222475
2008	89	0.1738	0.19095	0.182375
2008	90	0.2076	0.2347	0.22115
2008	91	0.23623	0.31278	0.274505
2008	92	0.26401	0.29614	0.280075
2008	93	0.28928	0.31985	0.304565
2008	94	0.31593	0.34453	0.33023
2008	95	0.34384	0.37008	0.35696
2008	96	0.37288	0.39638	0.38463
2008	97	0.40286	0.42329	0.413075
2008	98	0.43359	0.45066	0.442125
2008	99	0.46484	0.47834	0.47159
2008	100	0.49636	0.50615	0.501255
2008	101	0.52792	0.53392	0.53092
2008	102	0.55925	0.56148	0.560365
2008	103	0.59012	0.58867	0.589395
2008	104	0.62029	0.61533	0.61781
2008	105	0.64957	0.64131	0.64544
2008	106	0.67775	0.66649	0.67212
2008	107	0.7047	0.69076	0.69773
2008	108	0.7303	0.71401	0.722155
2008	109	0.75445	0.73619	0.74532
2008	110+	0.77709	0.75723	0.76716
2009	0	0.00549	0.00538	0.005435
2009	1	0.00019	0.00032	0.000255
2009	2	0.00015	0.00024	0.000195
2009	3	0.0002	0.00037	0.000285
2009	4	0.0001	0.00014	0.00012
2009	5	0.0001	0.0002	0.00015
2009	6	0.00021	0.0001	0.000155
2009	7	0.0001	0.00014	0.00012
2009	8	0.0001	0.00014	0.00012
2009	9	0.00009	0.00004	0.000065
2009	10	0.00018	0.0003	0.00024
2009	11	0.00025	0.00008	0.000165
2009	12	0	0.00023	0.000115
2009	13	0.00008	0.00024	0.00016
2009	14	0.00021	0.00028	0.000245
2009	15	0.00021	0.00016	0.000185
2009	16	0.00021	0.00036	0.000285
2009	17	0.00022	0.00078	0.0005
2009	18	0.00047	0.00068	0.000575
2009	19	0.00036	0.00105	0.000705
2009	20	0.00031	0.00108	0.000695
2009	21	0.00008	0.00077	0.000425
2009	22	0.00019	0.00118	0.000685
2009	23	0.00033	0.001	0.000665
2009	24	0.00021	0.00119	0.0007
2009	25	0.00017	0.0006	0.000385
2009	26	0.00035	0.00091	0.00063
2009	27	0.00024	0.00094	0.00059
2009	28	0.00055	0.00072	0.000635
2009	29	0.00041	0.00098	0.000695
2009	30	0.00024	0.00112	0.00068
2009	31	0.00017	0.00116	0.000665
2009	32	0.00035	0.00099	0.00067
2009	33	0.00049	0.00113	0.00081
2009	34	0.00025	0.00104	0.000645
2009	35	0.00061	0.00157	0.00109
2009	36	0.0005	0.00129	0.000895
2009	37	0.00056	0.00179	0.001175
2009	38	0.00073	0.00133	0.00103
2009	39	0.00097	0.00196	0.001465
2009	40	0.00105	0.0021	0.001575
2009	41	0.00102	0.00306	0.00204
2009	42	0.00125	0.00266	0.001955
2009	43	0.00111	0.00331	0.00221
2009	44	0.00113	0.00303	0.00208
2009	45	0.00135	0.00434	0.002845
2009	46	0.00167	0.00453	0.0031
2009	47	0.00203	0.0044	0.003215
2009	48	0.00169	0.00534	0.003515
2009	49	0.00266	0.00551	0.004085
2009	50	0.00243	0.0067	0.004565
2009	51	0.00244	0.00807	0.005255
2009	52	0.00338	0.00875	0.006065
2009	53	0.00369	0.00874	0.006215
2009	54	0.00388	0.00989	0.006885
2009	55	0.00387	0.01135	0.00761
2009	56	0.00442	0.01207	0.008245
2009	57	0.00438	0.01138	0.00788
2009	58	0.00501	0.01416	0.009585
2009	59	0.00553	0.01518	0.010355
2009	60	0.00597	0.01693	0.01145
2009	61	0.00664	0.01792	0.01228
2009	62	0.00756	0.02068	0.01412
2009	63	0.00805	0.01757	0.01281
2009	64	0.0091	0.0246	0.01685
2009	65	0.0108	0.02422	0.01751
2009	66	0.01065	0.0283	0.019475
2009	67	0.0125	0.02892	0.02071
2009	68	0.01514	0.02935	0.022245
2009	69	0.017	0.03457	0.025785
2009	70	0.01773	0.03687	0.0273
2009	71	0.01972	0.03997	0.029845
2009	72	0.02411	0.04444	0.034275
2009	73	0.02495	0.04953	0.03724
2009	74	0.03079	0.05389	0.04234
2009	75	0.03583	0.05963	0.04773
2009	76	0.03951	0.06695	0.05323
2009	77	0.04749	0.07581	0.06165
2009	78	0.05426	0.08852	0.07139
2009	79	0.05997	0.09537	0.07767
2009	80	0.0667	0.10056	0.08363
2009	81	0.08113	0.11244	0.096785
2009	82	0.0931	0.12261	0.107855
2009	83	0.10644	0.14347	0.124955
2009	84	0.11587	0.14829	0.13208
2009	85	0.12967	0.17577	0.15272
2009	86	0.14302	0.17877	0.160895
2009	87	0.16348	0.19036	0.17692
2009	88	0.17825	0.19074	0.184495
2009	89	0.23236	0.21089	0.221625
2009	90	0.20368	0.2327	0.21819
2009	91	0.24377	0.25846	0.251115
2009	92	0.26836	0.27804	0.2732
2009	93	0.29447	0.2985	0.296485
2009	94	0.322	0.3198	0.3209
2009	95	0.35082	0.34189	0.346355
2009	96	0.38078	0.36468	0.37273
2009	97	0.41167	0.38809	0.39988
2009	98	0.44327	0.41203	0.42765
2009	99	0.47534	0.43639	0.455865
2009	100	0.50761	0.46107	0.48434
2009	101	0.53982	0.48594	0.51288
2009	102	0.57171	0.51087	0.54129
2009	103	0.603	0.53576	0.56938
2009	104	0.63348	0.56047	0.596975
2009	105	0.66292	0.58488	0.6239
2009	106	0.69115	0.60888	0.650015
2009	107	0.71803	0.63236	0.675195
2009	108	0.74343	0.65524	0.699335
2009	109	0.76729	0.67741	0.72235
2009	110+	0.78955	0.69882	0.744185
2010	0	0.00378	0.00493	0.004355
2010	1	0.00024	0.00014	0.00019
2010	2	0.00029	0.00023	0.00026
2010	3	0	0.00029	0.000145
2010	4	0.0003	0.00019	0.000245
2010	5	0.00015	0.00014	0.000145
2010	6	0.0001	0.0001	0.0001
2010	7	0	0.00015	0.000075
2010	8	0.00005	0.00019	0.00012
2010	9	0.0001	0.00023	0.000165
2010	10	0.00014	0.00009	0.000115
2010	11	0.00009	0.00025	0.00017
2010	12	0.00004	0.00004	0.00004
2010	13	0.00012	0.00008	0.0001
2010	14	0.00021	0.00016	0.000185
2010	15	0.00021	0.00049	0.00035
2010	16	0.00017	0.00016	0.000165
2010	17	0.00054	0.00044	0.00049
2010	18	0.0003	0.00041	0.000355
2010	19	0.0002	0.00049	0.000345
2010	20	0.00052	0.00097	0.000745
2010	21	0.00027	0.00079	0.00053
2010	22	0.00027	0.00077	0.00052
2010	23	0.00038	0.00059	0.000485
2010	24	0.00011	0.00097	0.00054
2010	25	0.00028	0.00102	0.00065
2010	26	0.00024	0.0011	0.00067
2010	27	0.00021	0.00064	0.000425
2010	28	0.00028	0.0007	0.00049
2010	29	0.00017	0.00102	0.000595
2010	30	0.00027	0.00114	0.000705
2010	31	0.00031	0.00063	0.00047
2010	32	0.00042	0.0011	0.00076
2010	33	0.00032	0.00109	0.000705
2010	34	0.00039	0.00093	0.00066
2010	35	0.00043	0.00131	0.00087
2010	36	0.00046	0.00143	0.000945
2010	37	0.00078	0.0016	0.00119
2010	38	0.00074	0.00156	0.00115
2010	39	0.00092	0.00141	0.001165
2010	40	0.00086	0.00171	0.001285
2010	41	0.00095	0.00196	0.001455
2010	42	0.0012	0.00208	0.00164
2010	43	0.00115	0.00304	0.002095
2010	44	0.00125	0.00293	0.00209
2010	45	0.00153	0.00357	0.00255
2010	46	0.00194	0.00383	0.002885
2010	47	0.00184	0.00494	0.00339
2010	48	0.00191	0.0049	0.003405
2010	49	0.00216	0.00528	0.00372
2010	50	0.00267	0.00571	0.00419
2010	51	0.00348	0.00719	0.005335
2010	52	0.00369	0.00718	0.005435
2010	53	0.00322	0.00854	0.00588
2010	54	0.00356	0.0091	0.00633
2010	55	0.00436	0.01119	0.007775
2010	56	0.00479	0.0119	0.008345
2010	57	0.00451	0.01341	0.00896
2010	58	0.00497	0.01228	0.008625
2010	59	0.00622	0.0158	0.01101
2010	60	0.00652	0.01565	0.011085
2010	61	0.00718	0.01712	0.01215
2010	62	0.00801	0.01754	0.012775
2010	63	0.00803	0.02188	0.014955
2010	64	0.00879	0.0209	0.014845
2010	65	0.00993	0.026	0.017965
2010	66	0.01168	0.02638	0.01903
2010	67	0.01229	0.02748	0.019885
2010	68	0.01421	0.02991	0.02206
2010	69	0.0139	0.03298	0.02344
2010	70	0.01976	0.03632	0.02804
2010	71	0.02013	0.04132	0.030725
2010	72	0.02052	0.0429	0.03171
2010	73	0.02545	0.04938	0.037415
2010	74	0.0297	0.05348	0.04159
2010	75	0.03173	0.05977	0.04575
2010	76	0.03909	0.06775	0.05342
2010	77	0.04509	0.07085	0.05797
2010	78	0.05344	0.08235	0.067895
2010	79	0.05999	0.09587	0.07793
2010	80	0.06897	0.10067	0.08482
2010	81	0.07869	0.10985	0.09427
2010	82	0.08661	0.12408	0.105345
2010	83	0.10232	0.12565	0.113985
2010	84	0.11102	0.14553	0.128275
2010	85	0.12415	0.14869	0.13642
2010	86	0.14522	0.16325	0.154235
2010	87	0.15425	0.18072	0.167485
2010	88	0.19102	0.19807	0.194545
2010	89	0.19888	0.22135	0.210115
2010	90	0.22797	0.24984	0.238905
2010	91	0.19731	0.24664	0.221975
2010	92	0.26289	0.27588	0.269385
2010	93	0.28878	0.29696	0.29287
2010	94	0.31611	0.31895	0.31753
2010	95	0.34478	0.34177	0.343275
2010	96	0.37463	0.36535	0.36999
2010	97	0.40546	0.38959	0.397525
2010	98	0.43705	0.41439	0.42572
2010	99	0.46916	0.43963	0.454395
2010	100	0.50153	0.46519	0.48336
2010	101	0.53389	0.49093	0.51241
2010	102	0.56597	0.51672	0.541345
2010	103	0.5975	0.54242	0.56996
2010	104	0.62824	0.5679	0.59807
2010	105	0.65798	0.59302	0.6255
2010	106	0.68653	0.61767	0.6521
2010	107	0.71374	0.64172	0.67773
2010	108	0.73947	0.66508	0.702275
2010	109	0.76366	0.68766	0.72566
2010	110+	0.78626	0.70939	0.747825
2011	0	0.00418	0.00497	0.004575
2011	1	0.00009	0.00013	0.00011
2011	2	0.00024	0.00023	0.000235
2011	3	0.00014	0.00018	0.00016
2011	4	0.00005	0.0001	0.000075
2011	5	0.00005	0.00019	0.00012
2011	6	0.0001	0	0.00005
2011	7	0.00016	0.0001	0.00013
2011	8	0.0001	0.0001	0.0001
2011	9	0.00015	0.00019	0.00017
2011	10	0.00019	0.00005	0.00012
2011	11	0.00005	0.00009	0.00007
2011	12	0	0.00025	0.000125
2011	13	0.00004	0.00024	0.00014
2011	14	0.00004	0.00011	0.000075
2011	15	0.00008	0.00043	0.000255
2011	16	0.00013	0.00032	0.000225
2011	17	0.0003	0.00061	0.000455
2011	18	0.00021	0.00063	0.00042
2011	19	0.00022	0.0009	0.00056
2011	20	0.00008	0.00075	0.000415
2011	21	0.00016	0.0007	0.00043
2011	22	0.00024	0.00079	0.000515
2011	23	0.00015	0.00091	0.00053
2011	24	0.00038	0.001	0.00069
2011	25	0.00037	0.00054	0.000455
2011	26	0.00035	0.00112	0.000735
2011	27	0.00021	0.001	0.000605
2011	28	0.00028	0.00077	0.000525
2011	29	0.00028	0.00094	0.00061
2011	30	0.00028	0.00112	0.0007
2011	31	0.00048	0.00095	0.000715
2011	32	0.00034	0.00102	0.00068
2011	33	0.00062	0.00107	0.000845
2011	34	0.00049	0.00092	0.000705
2011	35	0.00053	0.00117	0.00085
2011	36	0.00036	0.00111	0.000735
2011	37	0.00064	0.00175	0.001195
2011	38	0.00039	0.00136	0.000875
2011	39	0.00085	0.00146	0.001155
2011	40	0.00063	0.00171	0.00117
2011	41	0.00126	0.00197	0.001615
2011	42	0.00077	0.00218	0.001475
2011	43	0.00113	0.00254	0.001835
2011	44	0.00112	0.00312	0.00212
2011	45	0.00195	0.00304	0.002495
2011	46	0.00192	0.00339	0.002655
2011	47	0.00175	0.00361	0.00268
2011	48	0.0023	0.00484	0.00357
2011	49	0.00239	0.00558	0.003985
2011	50	0.00266	0.00581	0.004235
2011	51	0.00268	0.00686	0.00477
2011	52	0.00328	0.0079	0.00559
2011	53	0.00367	0.00833	0.006
2011	54	0.00347	0.00892	0.006195
2011	55	0.00418	0.01021	0.007195
2011	56	0.00416	0.01084	0.0075
2011	57	0.00435	0.01098	0.007665
2011	58	0.00539	0.01406	0.009725
2011	59	0.00651	0.015	0.010755
2011	60	0.00616	0.01742	0.01179
2011	61	0.0075	0.01729	0.012395
2011	62	0.00635	0.01829	0.01232
2011	63	0.00729	0.01895	0.01312
2011	64	0.00804	0.02357	0.015805
2011	65	0.00833	0.02061	0.01447
2011	66	0.01117	0.02369	0.01743
2011	67	0.01197	0.02666	0.019315
2011	68	0.01339	0.02964	0.021515
2011	69	0.01601	0.03314	0.024575
2011	70	0.01545	0.03322	0.024335
2011	71	0.01833	0.03733	0.02783
2011	72	0.02106	0.04163	0.031345
2011	73	0.02405	0.04265	0.03335
2011	74	0.02902	0.0508	0.03991
2011	75	0.03059	0.05863	0.04461
2011	76	0.03576	0.05903	0.047395
2011	77	0.04075	0.07218	0.056465
2011	78	0.04709	0.07913	0.06311
2011	79	0.05562	0.08686	0.07124
2011	80	0.06435	0.09632	0.080335
2011	81	0.0729	0.09957	0.086235
2011	82	0.0864	0.11664	0.10152
2011	83	0.10326	0.12969	0.116475
2011	84	0.1089	0.13247	0.120685
2011	85	0.12448	0.15723	0.140855
2011	86	0.13209	0.16858	0.150335
2011	87	0.15639	0.19008	0.173235
2011	88	0.16879	0.19555	0.18217
2011	89	0.19571	0.23934	0.217525
2011	90	0.20274	0.22436	0.21355
2011	91	0.25832	0.27943	0.268875
2011	92	0.22031	0.24118	0.230745
2011	93	0.28598	0.30175	0.293865
2011	94	0.31377	0.32522	0.319495
2011	95	0.34296	0.3496	0.34628
2011	96	0.37339	0.37479	0.37409
2011	97	0.40486	0.40068	0.40277
2011	98	0.43713	0.42714	0.432135
2011	99	0.46995	0.45402	0.461985
2011	100	0.50302	0.48117	0.492095
2011	101	0.53607	0.50843	0.52225
2011	102	0.5688	0.53564	0.55222
2011	103	0.60094	0.56264	0.58179
2011	104	0.63224	0.58928	0.61076
2011	105	0.66246	0.6154	0.63893
2011	106	0.69141	0.64087	0.66614
2011	107	0.71893	0.66557	0.69225
2011	108	0.7449	0.6894	0.71715
2011	109	0.76924	0.71226	0.74075
2011	110+	0.79191	0.73409	0.763
2012	0	0.00349	0.00374	0.003615
2012	1	0.0002	0.00032	0.00026
2012	2	0.00014	0.00031	0.000225
2012	3	0.00019	0.00023	0.00021
2012	4	0.0001	0.00009	0.000095
2012	5	0.0001	0	0.00005
2012	6	0.00015	0.00019	0.00017
2012	7	0.00015	0.00018	0.000165
2012	8	0.00005	0.0001	0.000075
2012	9	0.0001	0.00005	0.000075
2012	10	0.00015	0.00014	0.000145
2012	11	0.00005	0.00014	0.000095
2012	12	0.00009	0.00018	0.000135
2012	13	0.00004	0.00017	0.000105
2012	14	0.00013	0.00016	0.000145
2012	15	0.00008	0.00023	0.000155
2012	16	0.00008	0.00035	0.000215
2012	17	0.00034	0.0004	0.00037
2012	18	0	0.00074	0.00037
2012	19	0.00025	0.00028	0.000265
2012	20	0.00021	0.00073	0.00047
2012	21	0.00024	0.00072	0.00048
2012	22	0.00008	0.00089	0.000485
2012	23	0.00039	0.00064	0.000515
2012	24	0.00019	0.0008	0.000495
2012	25	0.00019	0.00063	0.00041
2012	26	0.00037	0.00108	0.000725
2012	27	0.00025	0.00072	0.000485
2012	28	0.00031	0.0008	0.000555
2012	29	0.00021	0.00071	0.00046
2012	30	0.00028	0.00114	0.00071
2012	31	0.00028	0.00103	0.000655
2012	32	0.00024	0.00108	0.00066
2012	33	0.00052	0.00106	0.00079
2012	34	0.00035	0.00084	0.000595
2012	35	0.00046	0.0013	0.00088
2012	36	0.00035	0.00162	0.000985
2012	37	0.00064	0.00139	0.001015
2012	38	0.00079	0.00151	0.00115
2012	39	0.00046	0.00161	0.001035
2012	40	0.00089	0.00195	0.00142
2012	41	0.00126	0.00215	0.001705
2012	42	0.00101	0.00241	0.00171
2012	43	0.00099	0.00283	0.00191
2012	44	0.0013	0.00296	0.00213
2012	45	0.00112	0.00343	0.002275
2012	46	0.0017	0.00371	0.002705
2012	47	0.00199	0.00469	0.00334
2012	48	0.00189	0.00451	0.0032
2012	49	0.00217	0.005	0.003585
2012	50	0.00183	0.00569	0.00376
2012	51	0.00339	0.00698	0.005185
2012	52	0.00275	0.00715	0.00495
2012	53	0.00332	0.00745	0.005385
2012	54	0.004	0.00991	0.006955
2012	55	0.00417	0.00931	0.00674
2012	56	0.00393	0.01121	0.00757
2012	57	0.00447	0.01139	0.00793
2012	58	0.00532	0.01319	0.009255
2012	59	0.00646	0.01574	0.0111
2012	60	0.00595	0.01607	0.01101
2012	61	0.00619	0.01561	0.0109
2012	62	0.00694	0.02021	0.013575
2012	63	0.00741	0.019	0.013205
2012	64	0.00768	0.01968	0.01368
2012	65	0.00913	0.02515	0.01714
2012	66	0.01068	0.02534	0.01801
2012	67	0.01152	0.02781	0.019665
2012	68	0.01248	0.02972	0.0211
2012	69	0.01334	0.03025	0.021795
2012	70	0.01703	0.03226	0.024645
2012	71	0.01752	0.03983	0.028675
2012	72	0.01916	0.04108	0.03012
2012	73	0.02245	0.04526	0.033855
2012	74	0.02702	0.05025	0.038635
2012	75	0.03111	0.05843	0.04477
2012	76	0.03517	0.06172	0.048445
2012	77	0.04036	0.06659	0.053475
2012	78	0.0494	0.0743	0.06185
2012	79	0.05432	0.0807	0.06751
2012	80	0.06191	0.1051	0.083505
2012	81	0.07239	0.1087	0.090545
2012	82	0.08406	0.11693	0.100495
2012	83	0.09818	0.13135	0.114765
2012	84	0.10664	0.14614	0.12639
2012	85	0.12517	0.14678	0.135975
2012	86	0.13463	0.17642	0.155525
2012	87	0.14308	0.19717	0.170125
2012	88	0.18342	0.20431	0.193865
2012	89	0.18157	0.20859	0.19508
2012	90	0.22274	0.22691	0.224825
2012	91	0.22122	0.25371	0.237465
2012	92	0.27643	0.31152	0.293975
2012	93	0.28584	0.29954	0.29269
2012	94	0.3141	0.32169	0.317895
2012	95	0.34381	0.34467	0.34424
2012	96	0.37479	0.36841	0.3716
2012	97	0.40683	0.3928	0.399815
2012	98	0.43969	0.41773	0.42871
2012	99	0.47308	0.4431	0.45809
2012	100	0.50672	0.46876	0.48774
2012	101	0.5403	0.49459	0.517445
2012	102	0.57351	0.52045	0.54698
2012	103	0.60607	0.5462	0.576135
2012	104	0.63772	0.57171	0.604715
2012	105	0.66822	0.59684	0.63253
2012	106	0.69737	0.62147	0.65942
2012	107	0.72501	0.64549	0.68525
2012	108	0.75103	0.6688	0.709915
2012	109	0.77534	0.69131	0.733325
2012	110+	0.79793	0.71294	0.755435
2013	0	0.00352	0.0044	0.00396
2013	1	0.00025	0.00047	0.00036
2013	2	0.00034	0.00042	0.00038
2013	3	0.00009	0.00013	0.00011
2013	4	0.00014	0.00027	0.000205
2013	5	0.0001	0.00023	0.000165
2013	6	0.0002	0	0.0001
2013	7	0	0.00005	0.000025
2013	8	0.0001	0.00009	0.000095
2013	9	0.00005	0	0.000025
2013	10	0.0001	0.0002	0.00015
2013	11	0	0.00005	0.000025
2013	12	0.00005	0.00023	0.00014
2013	13	0.00009	0.00004	0.000065
2013	14	0	0.00021	0.000105
2013	15	0.00029	0.0002	0.000245
2013	16	0.00016	0.00042	0.00029
2013	17	0.00017	0.00039	0.00028
2013	18	0.00021	0.00069	0.00045
2013	19	0.00009	0.00082	0.000455
2013	20	0.00017	0.00075	0.00046
2013	21	0.00017	0.00085	0.00051
2013	22	0.0002	0.00083	0.000515
2013	23	0.00028	0.00058	0.00043
2013	24	0.00031	0.00056	0.000435
2013	25	0.00034	0.00091	0.000625
2013	26	0.00027	0.00055	0.00041
2013	27	0.00044	0.0009	0.00067
2013	28	0.00028	0.00078	0.00053
2013	29	0.00024	0.00077	0.000505
2013	30	0.00025	0.00084	0.000545
2013	31	0.00035	0.00084	0.000595
2013	32	0.00048	0.00086	0.00067
2013	33	0.00041	0.00134	0.000875
2013	34	0.00031	0.00103	0.00067
2013	35	0.00035	0.00097	0.00066
2013	36	0.00081	0.00127	0.00104
2013	37	0.00085	0.00114	0.000995
2013	38	0.00082	0.00112	0.00097
2013	39	0.00083	0.00162	0.001225
2013	40	0.00097	0.00151	0.00124
2013	41	0.00093	0.00161	0.00127
2013	42	0.00104	0.00194	0.00149
2013	43	0.00083	0.00242	0.001625
2013	44	0.00127	0.00227	0.00177
2013	45	0.00141	0.00308	0.002245
2013	46	0.00142	0.00378	0.0026
2013	47	0.00152	0.00399	0.002755
2013	48	0.00177	0.00439	0.00308
2013	49	0.00249	0.00457	0.00353
2013	50	0.00257	0.00514	0.003855
2013	51	0.00253	0.00646	0.004495
2013	52	0.00269	0.00642	0.004555
2013	53	0.00301	0.00766	0.005335
2013	54	0.00384	0.00817	0.006005
2013	55	0.00355	0.00884	0.006195
2013	56	0.00388	0.0101	0.00699
2013	57	0.00495	0.01014	0.007545
2013	58	0.00527	0.01258	0.008925
2013	59	0.00495	0.01333	0.00914
2013	60	0.0067	0.0166	0.01165
2013	61	0.0059	0.01665	0.011275
2013	62	0.0071	0.01862	0.01286
2013	63	0.00731	0.0198	0.013555
2013	64	0.008	0.02145	0.014725
2013	65	0.00842	0.02142	0.01492
2013	66	0.01008	0.02409	0.017085
2013	67	0.00962	0.02429	0.016955
2013	68	0.01207	0.02831	0.02019
2013	69	0.01334	0.0298	0.02157
2013	70	0.0155	0.03253	0.024015
2013	71	0.01678	0.03823	0.027505
2013	72	0.01888	0.04059	0.029735
2013	73	0.02281	0.04293	0.03287
2013	74	0.02529	0.04739	0.03634
2013	75	0.02901	0.05244	0.040725
2013	76	0.03577	0.05817	0.04697
2013	77	0.03953	0.06394	0.051735
2013	78	0.04279	0.07219	0.05749
2013	79	0.052	0.08501	0.068505
2013	80	0.05659	0.08691	0.07175
2013	81	0.0695	0.0947	0.0821
2013	82	0.07897	0.10915	0.09406
2013	83	0.09208	0.12557	0.108825
2013	84	0.09771	0.13819	0.11795
2013	85	0.12098	0.15453	0.137755
2013	86	0.13645	0.16261	0.14953
2013	87	0.14039	0.18	0.160195
2013	88	0.15313	0.19191	0.17252
2013	89	0.18952	0.22711	0.208315
2013	90	0.20814	0.2385	0.22332
2013	91	0.23097	0.26279	0.24688
2013	92	0.22359	0.30184	0.262715
2013	93	0.29411	0.35938	0.326745
2013	94	0.30327	0.34187	0.32257
2013	95	0.33269	0.36945	0.35107
2013	96	0.36348	0.39791	0.380695
2013	97	0.39543	0.42707	0.41125
2013	98	0.4283	0.45675	0.442525
2013	99	0.46181	0.48674	0.474275
2013	100	0.49567	0.51682	0.506245
2013	101	0.52958	0.54678	0.53818
2013	102	0.56321	0.57641	0.56981
2013	103	0.59627	0.6055	0.600885
2013	104	0.62848	0.63386	0.63117
2013	105	0.65958	0.66132	0.66045
2013	106	0.68937	0.68774	0.688555
2013	107	0.71767	0.71299	0.71533
2013	108	0.74434	0.73698	0.74066
2013	109	0.76931	0.75964	0.764475
2013	110+	0.79252	0.78093	0.786725
2014	0	0.00449	0.00551	0.005
2014	1	0.00005	0.00033	0.00019
2014	2	0.0002	0.00028	0.00024
2014	3	0	0.00005	0.000025
2014	4	0.00005	0.00009	0.00007
2014	5	0.00009	0.00018	0.000135
2014	6	0.0001	0	0.00005
2014	7	0.0001	0.00014	0.00012
2014	8	0.00005	0.00009	0.00007
2014	9	0.00005	0.00014	0.000095
2014	10	0.00005	0.00005	0.00005
2014	11	0.00005	0.00015	0.0001
2014	12	0.00005	0.00005	0.00005
2014	13	0.00005	0.00023	0.00014
2014	14	0.00023	0.00031	0.00027
2014	15	0.00004	0.00034	0.00019
2014	16	0.00017	0.0004	0.000285
2014	17	0.00004	0.00027	0.000155
2014	18	0.00025	0.00059	0.00042
2014	19	0.00004	0.00069	0.000365
2014	20	0.00025	0.00045	0.00035
2014	21	0.00025	0.00067	0.00046
2014	22	0.00013	0.00069	0.00041
2014	23	0.0002	0.00045	0.000325
2014	24	0.00028	0.00058	0.00043
2014	25	0.0002	0.00053	0.000365
2014	26	0.00023	0.00081	0.00052
2014	27	0.00015	0.00063	0.00039
2014	28	0.00026	0.00054	0.0004
2014	29	0.00039	0.00079	0.00059
2014	30	0.00021	0.0005	0.000355
2014	31	0.00028	0.00085	0.000565
2014	32	0.00053	0.00071	0.00062
2014	33	0.00045	0.00083	0.00064
2014	34	0.00055	0.00082	0.000685
2014	35	0.00045	0.001	0.000725
2014	36	0.00049	0.00138	0.000935
2014	37	0.00074	0.00145	0.001095
2014	38	0.0006	0.00129	0.000945
2014	39	0.00036	0.00147	0.000915
2014	40	0.00087	0.00131	0.00109
2014	41	0.0009	0.00152	0.00121
2014	42	0.00086	0.00204	0.00145
2014	43	0.00089	0.00206	0.001475
2014	44	0.00106	0.00193	0.001495
2014	45	0.00089	0.0029	0.001895
2014	46	0.0019	0.0032	0.00255
2014	47	0.00173	0.0034	0.002565
2014	48	0.0024	0.00422	0.00331
2014	49	0.00217	0.00456	0.003365
2014	50	0.00217	0.00525	0.00371
2014	51	0.00281	0.00643	0.00462
2014	52	0.00347	0.00665	0.00506
2014	53	0.00254	0.008	0.00527
2014	54	0.00262	0.0083	0.00546
2014	55	0.00377	0.00894	0.006355
2014	56	0.00407	0.01014	0.007105
2014	57	0.00499	0.01231	0.00865
2014	58	0.00523	0.01265	0.00894
2014	59	0.00537	0.01352	0.009445
2014	60	0.00607	0.0145	0.010285
2014	61	0.00585	0.01796	0.011905
2014	62	0.00715	0.01691	0.01203
2014	63	0.00808	0.01946	0.01377
2014	64	0.00826	0.01933	0.013795
2014	65	0.00883	0.02218	0.015505
2014	66	0.01014	0.02226	0.0162
2014	67	0.01252	0.02732	0.01992
2014	68	0.01109	0.02547	0.01828
2014	69	0.01301	0.03243	0.02272
2014	70	0.01452	0.03438	0.02445
2014	71	0.01589	0.0346	0.025245
2014	72	0.01928	0.03721	0.028245
2014	73	0.02115	0.04048	0.030815
2014	74	0.02508	0.04841	0.036745
2014	75	0.02941	0.04834	0.038875
2014	76	0.03195	0.05763	0.04479
2014	77	0.03814	0.06246	0.0503
2014	78	0.04143	0.07281	0.05712
2014	79	0.05138	0.07589	0.063635
2014	80	0.0615	0.09313	0.077315
2014	81	0.06701	0.09836	0.082685
2014	82	0.08024	0.10739	0.093815
2014	83	0.09243	0.12572	0.109075
2014	84	0.09699	0.12984	0.113415
2014	85	0.11734	0.14319	0.130265
2014	86	0.13035	0.15136	0.140855
2014	87	0.14229	0.15525	0.14877
2014	88	0.16331	0.20952	0.186415
2014	89	0.18394	0.21583	0.199885
2014	90	0.20391	0.23577	0.21984
2014	91	0.2274	0.28073	0.254065
2014	92	0.24945	0.28145	0.26545
2014	93	0.26778	0.29634	0.28206
2014	94	0.31587	0.3842	0.350035
2014	95	0.32891	0.35041	0.33966
2014	96	0.35907	0.3768	0.367935
2014	97	0.39038	0.40393	0.397155
2014	98	0.42262	0.43167	0.427145
2014	99	0.45554	0.45984	0.45769
2014	100	0.48884	0.48827	0.488555
2014	101	0.52225	0.51678	0.519515
2014	102	0.55546	0.54517	0.550315
2014	103	0.58818	0.57328	0.58073
2014	104	0.62014	0.60092	0.61053
2014	105	0.65109	0.62793	0.63951
2014	106	0.68082	0.65417	0.667495
2014	107	0.70915	0.6795	0.694325
2014	108	0.73593	0.70382	0.719875
2014	109	0.76108	0.72703	0.744055
2014	110+	0.78454	0.74907	0.766805
2015	0	0.0036	0.00439	0.003995
2015	1	0.00047	0.00034	0.000405
2015	2	0.0002	0.00009	0.000145
2015	3	0.0001	0.00014	0.00012
2015	4	0.0002	0.00005	0.000125
2015	5	0.00009	0.00009	0.00009
2015	6	0.0001	0.00018	0.00014
2015	7	0.00015	0.00023	0.00019
2015	8	0.00015	0	0.000075
2015	9	0.0001	0.00019	0.000145
2015	10	0.0001	0.00019	0.000145
2015	11	0.00005	0	0.000025
2015	12	0.00031	0.0001	0.000205
2015	13	0.0001	0.00019	0.000145
2015	14	0.00024	0.00018	0.00021
2015	15	0	0.0004	0.0002
2015	16	0.00031	0.00009	0.0002
2015	17	0.0003	0.00032	0.00031
2015	18	0.00008	0.0005	0.00029
2015	19	0.00029	0.00055	0.00042
2015	20	0	0.00069	0.000345
2015	21	0.00021	0.00066	0.000435
2015	22	0.00008	0.00079	0.000435
2015	23	0.00017	0.00094	0.000555
2015	24	0.00024	0.00064	0.00044
2015	25	0.0002	0.00047	0.000335
2015	26	0.00024	0.00076	0.0005
2015	27	0.00023	0.00055	0.00039
2015	28	0.00019	0.0006	0.000395
2015	29	0.00052	0.0008	0.00066
2015	30	0.00043	0.00083	0.00063
2015	31	0.00028	0.00081	0.000545
2015	32	0.00046	0.00123	0.000845
2015	33	0.00032	0.00102	0.00067
2015	34	0.00021	0.00084	0.000525
2015	35	0.00045	0.00119	0.00082
2015	36	0.00042	0.00137	0.000895
2015	37	0.00063	0.00183	0.00123
2015	38	0.00057	0.00132	0.000945
2015	39	0.00104	0.00179	0.001415
2015	40	0.00072	0.00141	0.001065
2015	41	0.0008	0.002	0.0014
2015	42	0.00112	0.00246	0.00179
2015	43	0.00115	0.00167	0.00141
2015	44	0.00146	0.00171	0.001585
2015	45	0.00125	0.0029	0.002075
2015	46	0.0015	0.00342	0.00246
2015	47	0.00167	0.00383	0.00275
2015	48	0.00191	0.00449	0.0032
2015	49	0.00208	0.00476	0.00342
2015	50	0.00295	0.00535	0.00415
2015	51	0.00228	0.00645	0.004365
2015	52	0.00276	0.00606	0.00441
2015	53	0.00326	0.00676	0.00501
2015	54	0.00303	0.00859	0.00581
2015	55	0.00393	0.00926	0.006595
2015	56	0.00458	0.01055	0.007565
2015	57	0.00413	0.01128	0.007705
2015	58	0.00572	0.01199	0.008855
2015	59	0.00589	0.01463	0.01026
2015	60	0.00639	0.01404	0.010215
2015	61	0.00648	0.01699	0.011735
2015	62	0.0079	0.02017	0.014035
2015	63	0.00722	0.01973	0.013475
2015	64	0.00868	0.02159	0.015135
2015	65	0.00925	0.02515	0.0172
2015	66	0.01018	0.02482	0.0175
2015	67	0.01065	0.02567	0.01816
2015	68	0.01312	0.03036	0.02174
2015	69	0.01466	0.02835	0.021505
2015	70	0.01676	0.03285	0.024805
2015	71	0.019	0.03746	0.02823
2015	72	0.02068	0.04055	0.030615
2015	73	0.02199	0.04313	0.03256
2015	74	0.02728	0.0479	0.03759
2015	75	0.03053	0.05293	0.04173
2015	76	0.03326	0.06006	0.04666
2015	77	0.03933	0.06573	0.05253
2015	78	0.04674	0.06917	0.057955
2015	79	0.05022	0.08421	0.067215
2015	80	0.05974	0.0883	0.07402
2015	81	0.07212	0.0977	0.08491
2015	82	0.07919	0.10364	0.091415
2015	83	0.09373	0.13288	0.113305
2015	84	0.10344	0.14631	0.124875
2015	85	0.12067	0.1543	0.137485
2015	86	0.14229	0.17449	0.15839
2015	87	0.1531	0.19468	0.17389
2015	88	0.18117	0.20716	0.194165
2015	89	0.20259	0.25337	0.22798
2015	90	0.21764	0.2516	0.23462
2015	91	0.24633	0.289	0.267665
2015	92	0.26561	0.27422	0.269915
2015	93	0.30599	0.32184	0.313915
2015	94	0.31458	0.3157	0.31514
2015	95	0.36617	0.39343	0.3798
2015	96	0.40028	0.42391	0.412095
2015	97	0.43538	0.45497	0.445175
2015	98	0.47114	0.4864	0.47877
2015	99	0.50721	0.51793	0.51257
2015	100	0.54319	0.54931	0.54625
2015	101	0.57873	0.58031	0.57952
2015	102	0.61348	0.61069	0.612085
2015	103	0.6471	0.64024	0.64367
2015	104	0.67933	0.66875	0.67404
2015	105	0.70994	0.69608	0.70301
2015	106	0.73874	0.72209	0.730415
2015	107	0.76564	0.74669	0.756165
2015	108	0.79054	0.7698	0.78017
2015	109	0.81345	0.7914	0.802425
2015	110+	0.83437	0.81146	0.822915
2016	0	0.00438	0.00433	0.004355
2016	1	0.00027	0.00035	0.00031
2016	2	0.00011	0.00015	0.00013
2016	3	0	0.0001	0.00005
2016	4	0.00005	0.00009	0.00007
2016	5	0.00015	0.00014	0.000145
2016	6	0.00005	0.00013	0.00009
2016	7	0.0001	0.00018	0.00014
2016	8	0.0001	0.00019	0.000145
2016	9	0.00005	0	0.000025
2016	10	0.00005	0.00009	0.00007
2016	11	0.0001	0.00019	0.000145
2016	12	0.00005	0.00005	0.00005
2016	13	0.0001	0.00015	0.000125
2016	14	0	0.00024	0.00012
2016	15	0.00015	0.00019	0.00017
2016	16	0.00009	0.00031	0.0002
2016	17	0.00004	0.0003	0.00017
2016	18	0.00013	0.00081	0.00047
2016	19	0.00012	0.00077	0.000445
2016	20	0.00021	0.00051	0.00036
2016	21	0.00013	0.00089	0.00051
2016	22	0.00017	0.0007	0.000435
2016	23	0.00021	0.00052	0.000365
2016	24	0.00013	0.00053	0.00033
2016	25	0.00016	0.00061	0.000385
2016	26	0.00016	0.00059	0.000375
2016	27	0.0004	0.00057	0.000485
2016	28	0.00019	0.00063	0.00041
2016	29	0.00023	0.00087	0.00055
2016	30	0.00023	0.00066	0.000445
2016	31	0.0005	0.00098	0.00074
2016	32	0.00032	0.00099	0.000655
2016	33	0.00039	0.00072	0.000555
2016	34	0.00018	0.00099	0.000585
2016	35	0.00032	0.00095	0.000635
2016	36	0.00073	0.0012	0.000965
2016	37	0.00049	0.00098	0.000735
2016	38	0.00057	0.00123	0.0009
2016	39	0.00054	0.00147	0.001005
2016	40	0.0005	0.00131	0.000905
2016	41	0.00069	0.002	0.001345
2016	42	0.0007	0.00198	0.00134
2016	43	0.00113	0.00227	0.0017
2016	44	0.00109	0.00261	0.00185
2016	45	0.00144	0.00243	0.001935
2016	46	0.00129	0.00285	0.00207
2016	47	0.00133	0.00368	0.002505
2016	48	0.00175	0.00373	0.00274
2016	49	0.00172	0.00471	0.003215
2016	50	0.00213	0.00501	0.00357
2016	51	0.0021	0.00551	0.003805
2016	52	0.00271	0.00606	0.004385
2016	53	0.00304	0.00681	0.004925
2016	54	0.00287	0.00803	0.00545
2016	55	0.00362	0.00776	0.00569
2016	56	0.00398	0.00981	0.006895
2016	57	0.00404	0.01119	0.007615
2016	58	0.00435	0.01235	0.00835
2016	59	0.005	0.01278	0.00889
2016	60	0.00519	0.0146	0.009895
2016	61	0.00641	0.0145	0.010455
2016	62	0.00719	0.01748	0.012335
2016	63	0.00764	0.01932	0.01348
2016	64	0.00868	0.02107	0.014875
2016	65	0.00952	0.02316	0.01634
2016	66	0.01022	0.02338	0.0168
2016	67	0.01135	0.02663	0.01899
2016	68	0.01253	0.02658	0.019555
2016	69	0.01485	0.03272	0.023785
2016	70	0.01376	0.0304	0.02208
2016	71	0.01737	0.03519	0.02628
2016	72	0.01958	0.04003	0.029805
2016	73	0.02159	0.041	0.031295
2016	74	0.0223	0.04331	0.032805
2016	75	0.02755	0.04821	0.03788
2016	76	0.03169	0.05394	0.042815
2016	77	0.0348	0.06188	0.04834
2016	78	0.04163	0.06871	0.05517
2016	79	0.04731	0.07677	0.06204
2016	80	0.05533	0.0836	0.069465
2016	81	0.0666	0.08923	0.077915
2016	82	0.07549	0.10831	0.0919
2016	83	0.08916	0.11783	0.103495
2016	84	0.09924	0.1294	0.11432
2016	85	0.11828	0.14561	0.131945
2016	86	0.13058	0.1706	0.15059
2016	87	0.14195	0.17768	0.159815
2016	88	0.16242	0.20682	0.18462
2016	89	0.1786	0.21906	0.19883
2016	90	0.20407	0.23811	0.22109
2016	91	0.22571	0.24666	0.236185
2016	92	0.23515	0.2972	0.266175
2016	93	0.26437	0.32168	0.293025
2016	94	0.29838	0.35298	0.32568
2016	95	0.33292	0.37496	0.35394
2016	96	0.3642	0.40484	0.38452
2016	97	0.39668	0.43544	0.41606
2016	98	0.4301	0.46654	0.44832
2016	99	0.46416	0.4979	0.48103
2016	100	0.49857	0.52928	0.513925
2016	101	0.53298	0.56043	0.546705
2016	102	0.56709	0.59111	0.5791
2016	103	0.60057	0.6211	0.610835
2016	104	0.63314	0.65019	0.641665
2016	105	0.66453	0.6782	0.671365
2016	106	0.69454	0.70499	0.699765
2016	107	0.72298	0.73043	0.726705
2016	108	0.74973	0.75444	0.752085
2016	109	0.77469	0.77697	0.77583
2016	110+	0.79784	0.79799	0.797915
2017	0	0.00326	0.0047	0.00398
2017	1	0.00028	0.00037	0.000325
2017	2	0.00016	0.00036	0.00026
2017	3	0.00011	0.00015	0.00013
2017	4	0.00021	0.00019	0.0002
2017	5	0.0002	0.00024	0.00022
2017	6	0.00015	0.00009	0.00012
2017	7	0.0001	0	0.00005
2017	8	0.00015	0.00019	0.00017
2017	9	0.0002	0.00014	0.00017
2017	10	0.00005	0	0.000025
2017	11	0.0001	0.00005	0.000075
2017	12	0	0.00019	0.000095
2017	13	0.00016	0.00015	0.000155
2017	14	0.00021	0.0001	0.000155
2017	15	0.0001	0.00029	0.000195
2017	16	0.00015	0.00028	0.000215
2017	17	0.00014	0.00027	0.000205
2017	18	0.00013	0.00034	0.000235
2017	19	0.00009	0.00077	0.00043
2017	20	0.00029	0.00085	0.00057
2017	21	0.00008	0.00048	0.00028
2017	22	0.00026	0.0009	0.00058
2017	23	0.00017	0.00079	0.00048
2017	24	0.00009	0.00044	0.000265
2017	25	0.00009	0.00054	0.000315
2017	26	0.00016	0.00066	0.00041
2017	27	0.00033	0.00072	0.000525
2017	28	0.00032	0.00097	0.000645
2017	29	0.00047	0.00042	0.000445
2017	30	0.0002	0.00096	0.00058
2017	31	0.00038	0.0006	0.00049
2017	32	0.00018	0.00057	0.000375
2017	33	0.00047	0.00087	0.00067
2017	34	0.00025	0.00084	0.000545
2017	35	0.00032	0.00076	0.00054
2017	36	0.00039	0.00127	0.00083
2017	37	0.00056	0.00136	0.00096
2017	38	0.00067	0.00113	0.0009
2017	39	0.00086	0.00167	0.001265
2017	40	0.0008	0.00128	0.00104
2017	41	0.0008	0.00165	0.001225
2017	42	0.00074	0.00202	0.00138
2017	43	0.001	0.00222	0.00161
2017	44	0.00125	0.00207	0.00166
2017	45	0.00125	0.00268	0.001965
2017	46	0.0016	0.00277	0.002185
2017	47	0.00171	0.0028	0.002255
2017	48	0.00109	0.00427	0.00268
2017	49	0.00215	0.00486	0.003505
2017	50	0.00221	0.00557	0.00389
2017	51	0.00245	0.00551	0.00398
2017	52	0.00306	0.0062	0.00463
2017	53	0.00307	0.0068	0.004935
2017	54	0.0034	0.00775	0.005575
2017	55	0.00337	0.00892	0.006145
2017	56	0.00415	0.00911	0.00663
2017	57	0.00404	0.01122	0.00763
2017	58	0.00454	0.01195	0.008245
2017	59	0.00583	0.01211	0.00897
2017	60	0.00593	0.01435	0.01014
2017	61	0.00604	0.01508	0.01056
2017	62	0.00736	0.01628	0.01182
2017	63	0.00758	0.01916	0.01337
2017	64	0.00929	0.02189	0.01559
2017	65	0.00958	0.02453	0.017055
2017	66	0.01027	0.025	0.017635
2017	67	0.01221	0.0269	0.019555
2017	68	0.01286	0.02752	0.02019
2017	69	0.01368	0.02917	0.021425
2017	70	0.01558	0.0338	0.02469
2017	71	0.0165	0.03419	0.025345
2017	72	0.02038	0.03496	0.02767
2017	73	0.02145	0.04473	0.03309
2017	74	0.0245	0.04597	0.035235
2017	75	0.03147	0.04902	0.040245
2017	76	0.03347	0.05565	0.04456
2017	77	0.03651	0.0629	0.049705
2017	78	0.04232	0.06554	0.05393
2017	79	0.04959	0.079	0.064295
2017	80	0.05843	0.0821	0.070265
2017	81	0.0695	0.09278	0.08114
2017	82	0.07309	0.10217	0.08763
2017	83	0.09362	0.12174	0.10768
2017	84	0.09853	0.12339	0.11096
2017	85	0.11373	0.15684	0.135285
2017	86	0.12865	0.1626	0.145625
2017	87	0.1539	0.17049	0.162195
2017	88	0.17123	0.2121	0.191665
2017	89	0.1982	0.22016	0.20918
2017	90	0.21259	0.24096	0.226775
2017	91	0.24162	0.29084	0.26623
2017	92	0.23778	0.2683	0.25304
2017	93	0.3018	0.27366	0.28773
2017	94	0.28121	0.36966	0.325435
2017	95	0.35338	0.37805	0.365715
2017	96	0.38685	0.40834	0.397595
2017	97	0.42143	0.43935	0.43039
2017	98	0.45679	0.47084	0.463815
2017	99	0.49259	0.50256	0.497575
2017	100	0.52847	0.53426	0.531365
2017	101	0.56405	0.56569	0.56487
2017	102	0.59899	0.5966	0.597795
2017	103	0.63295	0.62676	0.629855
2017	104	0.66564	0.65596	0.6608
2017	105	0.69681	0.68404	0.690425
2017	106	0.72628	0.71083	0.718555
2017	107	0.75389	0.73622	0.745055
2017	108	0.77956	0.76014	0.76985
2017	109	0.80325	0.78253	0.79289
2017	110+	0.82497	0.80337	0.81417
2018	0	0.00298	0.0055	0.00424
2018	1	0.00017	0.00042	0.000295
2018	2	0	0.00011	0.000055
2018	3	0.00011	0.00026	0.000185
2018	4	0.00027	0.0002	0.000235
2018	5	0	0.0001	0.00005
2018	6	0.0001	0.0001	0.0001
2018	7	0.00005	0.00014	0.000095
2018	8	0.00005	0.00018	0.000115
2018	9	0.0001	0.00009	0.000095
2018	10	0	0.00014	0.00007
2018	11	0.0001	0.00005	0.000075
2018	12	0	0.00014	0.00007
2018	13	0.00035	0.00014	0.000245
2018	14	0	0.0001	0.00005
2018	15	0.00005	0.0003	0.000175
2018	16	0.00015	0.00029	0.00022
2018	17	0.00035	0.00038	0.000365
2018	18	0.00033	0.00036	0.000345
2018	19	0.00009	0.00056	0.000325
2018	20	0.00017	0.00053	0.00035
2018	21	0.00029	0.00085	0.00057
2018	22	0.00013	0.00052	0.000325
2018	23	0.00013	0.00058	0.000355
2018	24	0.00013	0.00075	0.00044
2018	25	0.00017	0.00077	0.00047
2018	26	0.00031	0.0005	0.000405
2018	27	0.00029	0.00063	0.00046
2018	28	0.00025	0.00061	0.00043
2018	29	0.00025	0.00067	0.00046
2018	30	0.0002	0.00034	0.00027
2018	31	0.00008	0.00116	0.00062
2018	32	0.00031	0.00109	0.0007
2018	33	0.00041	0.00089	0.00065
2018	34	0.00036	0.00102	0.00069
2018	35	0.00047	0.00152	0.000995
2018	36	0.00054	0.00091	0.000725
2018	37	0.00039	0.00097	0.00068
2018	38	0.00046	0.0014	0.00093
2018	39	0.00093	0.00114	0.001035
2018	40	0.0009	0.0021	0.0015
2018	41	0.00062	0.00197	0.001295
2018	42	0.00062	0.00188	0.00125
2018	43	0.00074	0.0021	0.00142
2018	44	0.00142	0.00253	0.001975
2018	45	0.00104	0.00264	0.00184
2018	46	0.00129	0.00328	0.002285
2018	47	0.00154	0.00328	0.00241
2018	48	0.00124	0.00407	0.002655
2018	49	0.00168	0.0045	0.00309
2018	50	0.00196	0.00483	0.003395
2018	51	0.00271	0.00498	0.003845
2018	52	0.00284	0.00677	0.004805
2018	53	0.00339	0.00689	0.00514
2018	54	0.0036	0.00808	0.00584
2018	55	0.00312	0.00855	0.005835
2018	56	0.00375	0.00943	0.00659
2018	57	0.00498	0.01088	0.00793
2018	58	0.00461	0.01137	0.00799
2018	59	0.00592	0.01355	0.009735
2018	60	0.0048	0.01425	0.009525
2018	61	0.00635	0.01634	0.011345
2018	62	0.00725	0.01626	0.011755
2018	63	0.0082	0.01976	0.01398
2018	64	0.00781	0.02153	0.01467
2018	65	0.00958	0.02218	0.01588
2018	66	0.0098	0.02327	0.016535
2018	67	0.01087	0.02596	0.018415
2018	68	0.0125	0.02965	0.021075
2018	69	0.01358	0.03167	0.022625
2018	70	0.0142	0.0304	0.0223
2018	71	0.01676	0.03649	0.026625
2018	72	0.01771	0.03616	0.026935
2018	73	0.01983	0.04161	0.03072
2018	74	0.02169	0.0473	0.034495
2018	75	0.02798	0.05058	0.03928
2018	76	0.03073	0.05194	0.041335
2018	77	0.03457	0.05688	0.045725
2018	78	0.04119	0.06793	0.05456
2018	79	0.04446	0.07378	0.05912
2018	80	0.05521	0.08449	0.06985
2018	81	0.06322	0.07986	0.07154
2018	82	0.07208	0.10014	0.08611
2018	83	0.08469	0.11158	0.098135
2018	84	0.09715	0.13172	0.114435
2018	85	0.11283	0.13811	0.12547
2018	86	0.12925	0.16616	0.147705
2018	87	0.14443	0.17654	0.160485
2018	88	0.16669	0.19465	0.18067
2018	89	0.17653	0.21197	0.19425
2018	90	0.21139	0.2401	0.225745
2018	91	0.23789	0.30048	0.269185
2018	92	0.25251	0.302	0.277255
2018	93	0.30112	0.30471	0.302915
2018	94	0.29342	0.37237	0.332895
2018	95	0.34447	0.38532	0.364895
2018	96	0.37778	0.41728	0.39753
2018	97	0.41229	0.44995	0.43112
2018	98	0.44767	0.48306	0.465365
2018	99	0.4836	0.51632	0.49996
2018	100	0.51969	0.54943	0.53456
2018	101	0.55558	0.58211	0.568845
2018	102	0.5909	0.61409	0.602495
2018	103	0.62531	0.64511	0.63521
2018	104	0.65849	0.67495	0.66672
2018	105	0.69019	0.70344	0.696815
2018	106	0.7202	0.73043	0.725315
2018	107	0.74837	0.75582	0.752095
2018	108	0.77458	0.77954	0.77706
2018	109	0.7988	0.80156	0.80018
2018	110+	0.82102	0.82188	0.82145
2019	0	0.00355	0.00427	0.00391
2019	1	0.00017	0.00016	0.000165
2019	2	0.00017	0.00021	0.00019
2019	3	0	0.00011	0.000055
2019	4	0.00011	0.00005	0.00008
2019	5	0.00005	0.00005	0.00005
2019	6	0.00016	0.00005	0.000105
2019	7	0.00005	0	0.000025
2019	8	0.0001	0.00005	0.000075
2019	9	0	0.00005	0.000025
2019	10	0.00005	0.00005	0.00005
2019	11	0.00015	0.00029	0.00022
2019	12	0.00011	0.0001	0.000105
2019	13	0.00021	0.00005	0.00013
2019	14	0.0002	0.00019	0.000195
2019	15	0	0.00005	0.000025
2019	16	0.00016	0.00041	0.000285
2019	17	0.0001	0.00059	0.000345
2019	18	0.0002	0.00071	0.000455
2019	19	0.00033	0.00094	0.000635
2019	20	0.00014	0.00043	0.000285
2019	21	0.00022	0.00037	0.000295
2019	22	0.00012	0.00062	0.00037
2019	23	0.00021	0.00059	0.0004
2019	24	0.00017	0.0009	0.000535
2019	25	0.00026	0.00042	0.00034
2019	26	0.0003	0.00057	0.000435
2019	27	0.00009	0.00117	0.00063
2019	28	0.00046	0.00047	0.000465
2019	29	0.00034	0.00073	0.000535
2019	30	0.00029	0.00071	0.0005
2019	31	0.0004	0.00076	0.00058
2019	32	0.00032	0.00065	0.000485
2019	33	0.00031	0.00071	0.00051
2019	34	0.0003	0.00107	0.000685
2019	35	0.00033	0.00129	0.00081
2019	36	0.00051	0.00148	0.000995
2019	37	0.00051	0.00108	0.000795
2019	38	0.00054	0.00169	0.001115
2019	39	0.00086	0.00154	0.0012
2019	40	0.00058	0.00204	0.00131
2019	41	0.00109	0.00168	0.001385
2019	42	0.00092	0.00219	0.001555
2019	43	0.001	0.00234	0.00167
2019	44	0.00094	0.00243	0.001685
2019	45	0.0009	0.00208	0.00149
2019	46	0.00172	0.003	0.00236
2019	47	0.00145	0.00332	0.002385
2019	48	0.00151	0.0039	0.002705
2019	49	0.00197	0.00422	0.003095
2019	50	0.00195	0.00478	0.003365
2019	51	0.00208	0.00448	0.00328
2019	52	0.00283	0.00582	0.004325
2019	53	0.00222	0.00709	0.004655
2019	54	0.003	0.00729	0.005145
2019	55	0.00287	0.00875	0.00581
2019	56	0.00425	0.00962	0.006935
2019	57	0.00437	0.01114	0.007755
2019	58	0.00524	0.01069	0.007965
2019	59	0.00541	0.01209	0.00875
2019	60	0.00541	0.0138	0.009605
2019	61	0.00588	0.01299	0.009435
2019	62	0.00698	0.01603	0.011505
2019	63	0.00696	0.01881	0.012885
2019	64	0.00893	0.02005	0.01449
2019	65	0.00859	0.02099	0.01479
2019	66	0.00994	0.02312	0.01653
2019	67	0.01059	0.02615	0.01837
2019	68	0.01208	0.02764	0.01986
2019	69	0.01253	0.03056	0.021545
2019	70	0.01499	0.03357	0.02428
2019	71	0.0156	0.0338	0.0247
2019	72	0.01914	0.03727	0.028205
2019	73	0.01921	0.03978	0.029495
2019	74	0.0236	0.04327	0.033435
2019	75	0.0285	0.04667	0.037585
2019	76	0.03022	0.05163	0.040925
2019	77	0.03535	0.05611	0.04573
2019	78	0.03957	0.06349	0.05153
2019	79	0.04502	0.06625	0.055635
2019	80	0.04987	0.07641	0.06314
2019	81	0.06083	0.08715	0.07399
2019	82	0.07193	0.09712	0.084525
2019	83	0.08232	0.10645	0.094385
2019	84	0.09536	0.12015	0.107755
2019	85	0.10301	0.13929	0.12115
2019	86	0.11782	0.15069	0.134255
2019	87	0.14311	0.1598	0.151455
2019	88	0.16015	0.19008	0.175115
2019	89	0.18424	0.22501	0.204625
2019	90	0.19329	0.22851	0.2109
2019	91	0.22378	0.2545	0.23914
2019	92	0.25402	0.29951	0.276765
2019	93	0.25269	0.31978	0.286235
2019	94	0.29408	0.34666	0.32037
2019	95	0.33568	0.3662	0.35094
2019	96	0.36882	0.3968	0.38281
2019	97	0.40324	0.42823	0.415735
2019	98	0.43865	0.46025	0.44945
2019	99	0.47469	0.4926	0.483645
2019	100	0.511	0.52501	0.518005
2019	101	0.5472	0.55721	0.552205
2019	102	0.5829	0.58894	0.58592
2019	103	0.61775	0.61994	0.618845
2019	104	0.65143	0.65	0.650715
2019	105	0.68366	0.67891	0.681285
2019	106	0.71422	0.70651	0.710365
2019	107	0.74294	0.73268	0.73781
2019	108	0.7697	0.75731	0.763505
2019	109	0.79445	0.78035	0.7874
2019	110+	0.81717	0.80178	0.809475
2020	0	0.00364	0.00422	0.00393
2020	1	0.00017	0.00032	0.000245
2020	2	0.00017	0.00027	0.00022
2020	3	0.00011	0.00016	0.000135
2020	4	0	0.00022	0.00011
2020	5	0.00017	0.00005	0.00011
2020	6	0.00011	0	0.000055
2020	7	0.00016	0.0001	0.00013
2020	8	0.0001	0.0001	0.0001
2020	9	0.00005	0.00005	0.00005
2020	10	0.0001	0.00005	0.000075
2020	11	0.00005	0.00005	0.00005
2020	12	0.0001	0.00005	0.000075
2020	13	0.00005	0.0001	0.000075
2020	14	0.0001	0.0002	0.00015
2020	15	0.00015	0.00024	0.000195
2020	16	0.00022	0.00051	0.000365
2020	17	0.00021	0.00036	0.000285
2020	18	0.00005	0.00064	0.000345
2020	19	0.00015	0.00089	0.00052
2020	20	0.00029	0.00062	0.000455
2020	21	0.00018	0.00085	0.000515
2020	22	0.00004	0.00048	0.00026
2020	23	0.00013	0.0008	0.000465
2020	24	0.00026	0.00074	0.0005
2020	25	0.00035	0.00048	0.000415
2020	26	0.00013	0.0005	0.000315
2020	27	0.00009	0.00036	0.000225
2020	28	0.00009	0.00066	0.000375
2020	29	0.00025	0.00097	0.00061
2020	30	0.00021	0.00108	0.000645
2020	31	0.00038	0.00066	0.00052
2020	32	0.00032	0.00064	0.00048
2020	33	0.00028	0.00088	0.00058
2020	34	0.00024	0.00112	0.00068
2020	35	0.0003	0.00092	0.00061
2020	36	0.00063	0.00122	0.000925
2020	37	0.00067	0.00119	0.00093
2020	38	0.00066	0.00111	0.000885
2020	39	0.00073	0.00134	0.001035
2020	40	0.00076	0.00143	0.001095
2020	41	0.00087	0.00124	0.001055
2020	42	0.0011	0.00178	0.00144
2020	43	0.00089	0.00182	0.001355
2020	44	0.00112	0.00205	0.001585
2020	45	0.0012	0.00271	0.001955
2020	46	0.00136	0.00285	0.002105
2020	47	0.00169	0.00322	0.002455
2020	48	0.00195	0.00405	0.003
2020	49	0.00215	0.00412	0.003135
2020	50	0.00187	0.00469	0.00328
2020	51	0.0023	0.00512	0.00371
2020	52	0.00224	0.00676	0.0045
2020	53	0.00323	0.00674	0.004985
2020	54	0.00335	0.00784	0.005595
2020	55	0.0037	0.00887	0.006285
2020	56	0.00357	0.0094	0.006485
2020	57	0.00421	0.01007	0.00714
2020	58	0.00495	0.01137	0.00816
2020	59	0.00501	0.01363	0.00932
2020	60	0.00558	0.01372	0.00965
2020	61	0.00655	0.01778	0.012165
2020	62	0.00743	0.01737	0.0124
2020	63	0.0078	0.01838	0.01309
2020	64	0.00994	0.02089	0.015415
2020	65	0.01006	0.02363	0.016845
2020	66	0.01035	0.02513	0.01774
2020	67	0.01263	0.02983	0.02123
2020	68	0.01361	0.02804	0.020825
2020	69	0.01395	0.03259	0.02327
2020	70	0.01565	0.03535	0.0255
2020	71	0.0162	0.03915	0.027675
2020	72	0.01943	0.04274	0.031085
2020	73	0.02344	0.05306	0.03825
2020	74	0.0253	0.04588	0.03559
2020	75	0.02846	0.05473	0.041595
2020	76	0.03652	0.05687	0.046695
2020	77	0.03782	0.06757	0.052695
2020	78	0.04562	0.06989	0.057755
2020	79	0.05141	0.07316	0.062285
2020	80	0.05699	0.08282	0.069905
2020	81	0.06646	0.09435	0.080405
2020	82	0.07479	0.10696	0.090875
2020	83	0.08554	0.12048	0.10301
2020	84	0.09691	0.12845	0.11268
2020	85	0.10817	0.14956	0.128865
2020	86	0.13344	0.16492	0.14918
2020	87	0.14445	0.18097	0.16271
2020	88	0.16814	0.19247	0.180305
2020	89	0.2042	0.23448	0.21934
2020	90	0.22094	0.26809	0.244515
2020	91	0.24093	0.28506	0.262995
2020	92	0.26718	0.32949	0.298335
2020	93	0.29194	0.32797	0.309955
2020	94	0.32148	0.3582	0.33984
2020	95	0.36111	0.39402	0.377565
2020	96	0.39608	0.42579	0.410935
2020	97	0.43216	0.45819	0.445175
2020	98	0.46897	0.49095	0.47996
2020	99	0.50612	0.52379	0.514955
2020	100	0.5432	0.55642	0.54981
2020	101	0.57981	0.58857	0.58419
2020	102	0.61556	0.61998	0.61777
2020	103	0.65011	0.65042	0.650265
2020	104	0.68315	0.67968	0.681415
2020	105	0.71444	0.70759	0.711015
2020	106	0.74379	0.73402	0.738905
2020	107	0.7711	0.75888	0.76499
2020	108	0.7963	0.7821	0.7892
2020	109	0.81937	0.80367	0.81152
2020	110+	0.84035	0.82358	0.831965
