Republic				
				
Year	Age	Female	Male	Total
2003	0	0.00485	0.006	0.005425
2003	1	0.00048	0.00042	0.00045
2003	2	0.00029	0.00041	0.00035
2003	3	0.00029	0.00031	0.0003
2003	4	0.00026	0.00035	0.000305
2003	5	0.00017	0.00026	0.000215
2003	6	0.00022	0.00026	0.00024
2003	7	0.00016	0.00025	0.000205
2003	8	0.00012	0.00018	0.00015
2003	9	0.00014	0.00017	0.000155
2003	10	0.00013	0.00018	0.000155
2003	11	0.00012	0.00018	0.00015
2003	12	0.00012	0.00015	0.000135
2003	13	0.00013	0.00016	0.000145
2003	14	0.00012	0.00024	0.00018
2003	15	0.0002	0.0003	0.00025
2003	16	0.00026	0.00042	0.00034
2003	17	0.00028	0.00049	0.000385
2003	18	0.00026	0.00061	0.000435
2003	19	0.00029	0.00069	0.00049
2003	20	0.00029	0.00063	0.00046
2003	21	0.00032	0.00055	0.000435
2003	22	0.00038	0.00069	0.000535
2003	23	0.00038	0.00076	0.00057
2003	24	0.00036	0.00085	0.000605
2003	25	0.00038	0.00082	0.0006
2003	26	0.00043	0.00085	0.00064
2003	27	0.00045	0.00086	0.000655
2003	28	0.00045	0.0009	0.000675
2003	29	0.00046	0.001	0.00073
2003	30	0.00048	0.00103	0.000755
2003	31	0.00049	0.00104	0.000765
2003	32	0.00051	0.00112	0.000815
2003	33	0.00059	0.00116	0.000875
2003	34	0.00068	0.00151	0.001095
2003	35	0.00066	0.00138	0.00102
2003	36	0.00071	0.00169	0.0012
2003	37	0.00079	0.00176	0.001275
2003	38	0.00077	0.00219	0.00148
2003	39	0.0009	0.00224	0.00157
2003	40	0.001	0.00249	0.001745
2003	41	0.001	0.00277	0.001885
2003	42	0.00105	0.00314	0.002095
2003	43	0.00127	0.00348	0.002375
2003	44	0.00138	0.0038	0.00259
2003	45	0.00127	0.00399	0.00263
2003	46	0.00155	0.00444	0.002995
2003	47	0.00175	0.00495	0.00335
2003	48	0.00181	0.00525	0.00353
2003	49	0.00191	0.00561	0.00376
2003	50	0.00206	0.00588	0.00397
2003	51	0.00243	0.00708	0.004755
2003	52	0.00227	0.00721	0.00474
2003	53	0.00265	0.00799	0.00532
2003	54	0.0027	0.00828	0.00549
2003	55	0.00303	0.00831	0.00567
2003	56	0.00353	0.00955	0.00654
2003	57	0.00342	0.00946	0.00644
2003	58	0.00398	0.01118	0.00758
2003	59	0.00445	0.01155	0.008
2003	60	0.00482	0.01358	0.0092
2003	61	0.00527	0.01492	0.010095
2003	62	0.00581	0.01658	0.011195
2003	63	0.00651	0.01721	0.01186
2003	64	0.00763	0.0191	0.013365
2003	65	0.00822	0.02092	0.01457
2003	66	0.00909	0.02382	0.016455
2003	67	0.01114	0.02521	0.018175
2003	68	0.01266	0.02872	0.02069
2003	69	0.01397	0.03193	0.02295
2003	70	0.01629	0.03457	0.02543
2003	71	0.0181	0.03752	0.02781
2003	72	0.02034	0.04192	0.03113
2003	73	0.02398	0.04606	0.03502
2003	74	0.02711	0.05123	0.03917
2003	75	0.03133	0.05633	0.04383
2003	76	0.03608	0.06311	0.049595
2003	77	0.04213	0.06769	0.05491
2003	78	0.04798	0.07593	0.061955
2003	79	0.05037	0.08252	0.066445
2003	80	0.0646	0.09773	0.081165
2003	81	0.06817	0.10277	0.08547
2003	82	0.07611	0.10822	0.092165
2003	83	0.08909	0.12456	0.106825
2003	84	0.09681	0.13364	0.115225
2003	85	0.11071	0.15344	0.132075
2003	86	0.124	0.17257	0.148285
2003	87	0.13743	0.18232	0.159875
2003	88	0.15023	0.19313	0.17168
2003	89	0.16186	0.21488	0.18837
2003	90	0.19192	0.23366	0.21279
2003	91	0.2077	0.24721	0.227455
2003	92	0.22386	0.25339	0.238625
2003	93	0.23648	0.29832	0.2674
2003	94	0.26256	0.32718	0.29487
2003	95	0.2893	0.33372	0.31151
2003	96	0.31457	0.35732	0.335945
2003	97	0.341	0.38164	0.36132
2003	98	0.36844	0.40656	0.3875
2003	99	0.39677	0.43197	0.41437
2003	100	0.42581	0.45775	0.44178
2003	101	0.45537	0.48375	0.46956
2003	102	0.48525	0.50984	0.497545
2003	103	0.51523	0.53588	0.525555
2003	104	0.5451	0.56173	0.553415
2003	105	0.57466	0.58724	0.58095
2003	106	0.60369	0.61229	0.60799
2003	107	0.632	0.63677	0.634385
2003	108	0.65944	0.66055	0.659995
2003	109	0.68584	0.68355	0.684695
2003	110+	0.7111	0.70569	0.708395
2004	0	0.00457	0.00509	0.00483
2004	1	0.0004	0.00044	0.00042
2004	2	0.00033	0.0004	0.000365
2004	3	0.00026	0.00034	0.0003
2004	4	0.00025	0.00027	0.00026
2004	5	0.00016	0.00027	0.000215
2004	6	0.00018	0.00022	0.0002
2004	7	0.00016	0.00025	0.000205
2004	8	0.00014	0.00023	0.000185
2004	9	0.00013	0.00016	0.000145
2004	10	0.00011	0.00019	0.00015
2004	11	0.00012	0.00017	0.000145
2004	12	0.00009	0.00015	0.00012
2004	13	0.00015	0.00018	0.000165
2004	14	0.00016	0.0002	0.00018
2004	15	0.00015	0.00032	0.000235
2004	16	0.00019	0.00033	0.00026
2004	17	0.00019	0.00041	0.0003
2004	18	0.00022	0.00053	0.000375
2004	19	0.00028	0.00057	0.000425
2004	20	0.00028	0.00062	0.00045
2004	21	0.0003	0.00052	0.00041
2004	22	0.0003	0.00058	0.00044
2004	23	0.00032	0.00057	0.000445
2004	24	0.00033	0.00067	0.0005
2004	25	0.00042	0.0006	0.00051
2004	26	0.0004	0.0008	0.0006
2004	27	0.00034	0.00071	0.000525
2004	28	0.00036	0.00079	0.000575
2004	29	0.00038	0.00084	0.00061
2004	30	0.00045	0.00079	0.00062
2004	31	0.00044	0.00086	0.00065
2004	32	0.00046	0.00093	0.000695
2004	33	0.00057	0.00107	0.00082
2004	34	0.00057	0.00115	0.00086
2004	35	0.00063	0.00138	0.001005
2004	36	0.00067	0.00156	0.001115
2004	37	0.00076	0.00165	0.001205
2004	38	0.00083	0.00188	0.001355
2004	39	0.00089	0.00203	0.00146
2004	40	0.00083	0.00227	0.00155
2004	41	0.00098	0.00263	0.001805
2004	42	0.00112	0.00275	0.001935
2004	43	0.00129	0.00333	0.00231
2004	44	0.00136	0.00351	0.002435
2004	45	0.00135	0.00383	0.00259
2004	46	0.00144	0.00431	0.002875
2004	47	0.00165	0.00473	0.00319
2004	48	0.00167	0.00503	0.00335
2004	49	0.00187	0.00549	0.00368
2004	50	0.00193	0.00589	0.00391
2004	51	0.00203	0.00635	0.00419
2004	52	0.00244	0.00726	0.00485
2004	53	0.00234	0.00731	0.004825
2004	54	0.00283	0.00826	0.005545
2004	55	0.00276	0.0086	0.00568
2004	56	0.003	0.00904	0.00602
2004	57	0.00354	0.01021	0.006875
2004	58	0.00355	0.0102	0.006875
2004	59	0.00409	0.0116	0.007845
2004	60	0.00456	0.01218	0.00837
2004	61	0.00499	0.01408	0.009535
2004	62	0.00569	0.01603	0.01086
2004	63	0.00605	0.01662	0.011335
2004	64	0.0071	0.01912	0.01311
2004	65	0.00781	0.02003	0.01392
2004	66	0.0089	0.02249	0.015695
2004	67	0.01017	0.02615	0.01816
2004	68	0.01142	0.02781	0.019615
2004	69	0.01305	0.02988	0.021465
2004	70	0.0151	0.03319	0.024145
2004	71	0.01686	0.03672	0.02679
2004	72	0.01978	0.04196	0.03087
2004	73	0.02152	0.04369	0.032605
2004	74	0.02575	0.05138	0.038565
2004	75	0.02959	0.05473	0.04216
2004	76	0.03395	0.05993	0.04694
2004	77	0.03938	0.06897	0.054175
2004	78	0.04387	0.07346	0.058665
2004	79	0.0502	0.08138	0.06579
2004	80	0.05455	0.08936	0.071955
2004	81	0.07041	0.10524	0.087825
2004	82	0.07424	0.11123	0.092735
2004	83	0.08422	0.12166	0.10294
2004	84	0.09448	0.1316	0.11304
2004	85	0.10452	0.14126	0.12289
2004	86	0.12054	0.1629	0.14172
2004	87	0.13525	0.18478	0.160015
2004	88	0.15413	0.18949	0.17181
2004	89	0.16155	0.20261	0.18208
2004	90	0.17366	0.23093	0.202295
2004	91	0.2002	0.25344	0.22682
2004	92	0.22668	0.25152	0.2391
2004	93	0.25325	0.27067	0.26196
2004	94	0.24295	0.27775	0.26035
2004	95	0.2919	0.32536	0.30863
2004	96	0.31843	0.34851	0.33347
2004	97	0.34619	0.3724	0.359295
2004	98	0.37504	0.39692	0.38598
2004	99	0.40481	0.42198	0.413395
2004	100	0.43529	0.44744	0.441365
2004	101	0.46627	0.47318	0.469725
2004	102	0.49752	0.49907	0.498295
2004	103	0.52878	0.52496	0.52687
2004	104	0.55982	0.55071	0.555265
2004	105	0.59039	0.5762	0.583295
2004	106	0.62029	0.60129	0.61079
2004	107	0.6493	0.62586	0.63758
2004	108	0.67724	0.64979	0.663515
2004	109	0.70398	0.67299	0.688485
2004	110+	0.72938	0.69538	0.71238
2005	0	0.00412	0.00439	0.004255
2005	1	0.00046	0.00044	0.00045
2005	2	0.00022	0.00031	0.000265
2005	3	0.00021	0.00033	0.00027
2005	4	0.00014	0.00026	0.0002
2005	5	0.00018	0.00022	0.0002
2005	6	0.00017	0.00023	0.0002
2005	7	0.00016	0.0002	0.00018
2005	8	0.00014	0.00021	0.000175
2005	9	0.00011	0.00016	0.000135
2005	10	0.00011	0.00014	0.000125
2005	11	0.00013	0.00013	0.00013
2005	12	0.00013	0.00017	0.00015
2005	13	0.00014	0.00017	0.000155
2005	14	0.00014	0.00021	0.000175
2005	15	0.00015	0.0003	0.000225
2005	16	0.0002	0.00036	0.00028
2005	17	0.00024	0.00039	0.000315
2005	18	0.00029	0.00048	0.000385
2005	19	0.00023	0.00051	0.00037
2005	20	0.00032	0.00055	0.000435
2005	21	0.00038	0.00056	0.00047
2005	22	0.00042	0.00058	0.0005
2005	23	0.00043	0.00057	0.0005
2005	24	0.00038	0.00065	0.000515
2005	25	0.00045	0.00075	0.0006
2005	26	0.00045	0.00065	0.00055
2005	27	0.00043	0.00075	0.00059
2005	28	0.0004	0.00078	0.00059
2005	29	0.00048	0.00075	0.000615
2005	30	0.00053	0.00091	0.00072
2005	31	0.00051	0.00101	0.00076
2005	32	0.00058	0.00092	0.00075
2005	33	0.00057	0.00097	0.00077
2005	34	0.00057	0.00119	0.00088
2005	35	0.00058	0.00114	0.00086
2005	36	0.00072	0.00142	0.00107
2005	37	0.00074	0.00148	0.00111
2005	38	0.00082	0.00174	0.00128
2005	39	0.00092	0.00187	0.001395
2005	40	0.00089	0.00217	0.00153
2005	41	0.00088	0.00221	0.001545
2005	42	0.00108	0.00272	0.0019
2005	43	0.00112	0.00278	0.00195
2005	44	0.00123	0.0033	0.002265
2005	45	0.00133	0.00376	0.002545
2005	46	0.00137	0.00398	0.002675
2005	47	0.00165	0.00438	0.003015
2005	48	0.00182	0.00456	0.00319
2005	49	0.00168	0.00513	0.003405
2005	50	0.00202	0.00562	0.00382
2005	51	0.0019	0.00591	0.003905
2005	52	0.0023	0.00632	0.00431
2005	53	0.00247	0.00728	0.004875
2005	54	0.00253	0.00737	0.00495
2005	55	0.00274	0.00821	0.005475
2005	56	0.00304	0.00853	0.005785
2005	57	0.0031	0.00908	0.00609
2005	58	0.00368	0.00991	0.006795
2005	59	0.00367	0.00977	0.00672
2005	60	0.0045	0.01223	0.008365
2005	61	0.00469	0.01214	0.008415
2005	62	0.00542	0.0151	0.01026
2005	63	0.00597	0.01604	0.011005
2005	64	0.00651	0.01751	0.01201
2005	65	0.00738	0.01957	0.013475
2005	66	0.00819	0.02151	0.01485
2005	67	0.00929	0.023	0.016145
2005	68	0.01076	0.02633	0.018545
2005	69	0.0121	0.02919	0.020645
2005	70	0.01371	0.03259	0.02315
2005	71	0.0162	0.03594	0.02607
2005	72	0.01847	0.03798	0.028225
2005	73	0.02121	0.0434	0.032305
2005	74	0.02325	0.04597	0.03461
2005	75	0.02808	0.0528	0.04044
2005	76	0.03275	0.06004	0.046395
2005	77	0.03718	0.06478	0.05098
2005	78	0.04209	0.07199	0.05704
2005	79	0.04899	0.08017	0.06458
2005	80	0.05696	0.09199	0.074475
2005	81	0.05819	0.09371	0.07595
2005	82	0.07755	0.11204	0.094795
2005	83	0.0795	0.1183	0.0989
2005	84	0.09053	0.12583	0.10818
2005	85	0.10228	0.14353	0.122905
2005	86	0.1108	0.15884	0.13482
2005	87	0.13078	0.17296	0.15187
2005	88	0.14793	0.20721	0.17757
2005	89	0.16132	0.22064	0.19098
2005	90	0.17011	0.22481	0.19746
2005	91	0.19866	0.23616	0.21741
2005	92	0.22229	0.27599	0.24914
2005	93	0.22868	0.272	0.25034
2005	94	0.25643	0.2879	0.272165
2005	95	0.28517	0.32904	0.307105
2005	96	0.31154	0.35307	0.332305
2005	97	0.33919	0.37786	0.358525
2005	98	0.36799	0.4033	0.385645
2005	99	0.39776	0.42928	0.41352
2005	100	0.4283	0.45565	0.441975
2005	101	0.4594	0.48228	0.47084
2005	102	0.49082	0.509	0.49991
2005	103	0.52232	0.53567	0.528995
2005	104	0.55363	0.56215	0.55789
2005	105	0.58453	0.58827	0.5864
2005	106	0.61478	0.6139	0.61434
2005	107	0.64416	0.63892	0.64154
2005	108	0.6725	0.6632	0.66785
2005	109	0.69963	0.68666	0.693145
2005	110+	0.72543	0.70919	0.71731
2006	0	0.00373	0.00442	0.004075
2006	1	0.00041	0.00043	0.00042
2006	2	0.00027	0.00031	0.00029
2006	3	0.00021	0.00026	0.000235
2006	4	0.00021	0.00018	0.000195
2006	5	0.00019	0.00021	0.0002
2006	6	0.00014	0.0002	0.00017
2006	7	0.00016	0.00017	0.000165
2006	8	0.00012	0.00015	0.000135
2006	9	0.0001	0.00015	0.000125
2006	10	0.00008	0.00014	0.00011
2006	11	0.00007	0.00012	0.000095
2006	12	0.00009	0.00017	0.00013
2006	13	0.00016	0.00022	0.00019
2006	14	0.00015	0.00022	0.000185
2006	15	0.00013	0.00028	0.000205
2006	16	0.00019	0.00031	0.00025
2006	17	0.00024	0.0004	0.00032
2006	18	0.00022	0.00043	0.000325
2006	19	0.00027	0.00054	0.000405
2006	20	0.00025	0.00046	0.000355
2006	21	0.0003	0.00046	0.00038
2006	22	0.00034	0.00052	0.00043
2006	23	0.00035	0.00053	0.00044
2006	24	0.00031	0.00056	0.000435
2006	25	0.00039	0.00061	0.0005
2006	26	0.00036	0.00058	0.00047
2006	27	0.00038	0.0007	0.00054
2006	28	0.00034	0.00076	0.00055
2006	29	0.00039	0.00079	0.00059
2006	30	0.0004	0.00076	0.00058
2006	31	0.00042	0.00079	0.000605
2006	32	0.00048	0.00086	0.00067
2006	33	0.0005	0.00091	0.000705
2006	34	0.00054	0.0009	0.00072
2006	35	0.00057	0.00107	0.00082
2006	36	0.00056	0.0012	0.00088
2006	37	0.00065	0.00141	0.00103
2006	38	0.00076	0.00153	0.001145
2006	39	0.00082	0.00171	0.001265
2006	40	0.00088	0.00197	0.001425
2006	41	0.00089	0.00221	0.00155
2006	42	0.00089	0.00228	0.001585
2006	43	0.00113	0.003	0.002065
2006	44	0.00103	0.0027	0.001865
2006	45	0.00128	0.00345	0.002365
2006	46	0.00123	0.00394	0.002585
2006	47	0.00147	0.00396	0.002715
2006	48	0.00159	0.00438	0.002985
2006	49	0.00153	0.00479	0.00316
2006	50	0.00178	0.00529	0.003535
2006	51	0.00202	0.0057	0.00386
2006	52	0.00205	0.00605	0.00405
2006	53	0.00242	0.00645	0.004435
2006	54	0.00253	0.00754	0.005035
2006	55	0.00239	0.00782	0.005105
2006	56	0.00297	0.00841	0.00569
2006	57	0.003	0.00879	0.005895
2006	58	0.00344	0.00919	0.006315
2006	59	0.00369	0.01035	0.00702
2006	60	0.00377	0.00997	0.00687
2006	61	0.0043	0.0123	0.0083
2006	62	0.00478	0.01298	0.00888
2006	63	0.00542	0.01463	0.010025
2006	64	0.00587	0.01635	0.01111
2006	65	0.00707	0.018	0.012535
2006	66	0.00793	0.02033	0.01413
2006	67	0.00873	0.02269	0.01571
2006	68	0.00974	0.02462	0.01718
2006	69	0.01131	0.02832	0.019815
2006	70	0.01327	0.03071	0.02199
2006	71	0.01485	0.03386	0.024355
2006	72	0.01711	0.03636	0.026735
2006	73	0.01864	0.04009	0.029365
2006	74	0.02237	0.04696	0.034665
2006	75	0.02503	0.04925	0.03714
2006	76	0.0309	0.05598	0.04344
2006	77	0.03493	0.06438	0.049655
2006	78	0.03918	0.07156	0.05537
2006	79	0.04496	0.07924	0.0621
2006	80	0.05277	0.08295	0.06786
2006	81	0.06194	0.09692	0.07943
2006	82	0.06397	0.10333	0.08365
2006	83	0.08292	0.11975	0.101335
2006	84	0.09059	0.13039	0.11049
2006	85	0.09886	0.13914	0.119
2006	86	0.11014	0.15494	0.13254
2006	87	0.12583	0.16514	0.145485
2006	88	0.14216	0.1876	0.16488
2006	89	0.16037	0.20947	0.18492
2006	90	0.17299	0.22834	0.200665
2006	91	0.18744	0.22287	0.205155
2006	92	0.22012	0.24317	0.231645
2006	93	0.24361	0.26908	0.256345
2006	94	0.25408	0.28363	0.268855
2006	95	0.28228	0.32193	0.302105
2006	96	0.30885	0.34577	0.32731
2006	97	0.33675	0.37041	0.35358
2006	98	0.36584	0.39574	0.38079
2006	99	0.39594	0.42165	0.408795
2006	100	0.42685	0.44799	0.43742
2006	101	0.45834	0.47463	0.466485
2006	102	0.49017	0.50142	0.495795
2006	103	0.52208	0.5282	0.52514
2006	104	0.55381	0.55481	0.55431
2006	105	0.58511	0.58112	0.583115
2006	106	0.61573	0.60697	0.61135
2006	107	0.64547	0.63224	0.638855
2006	108	0.67412	0.6568	0.66546
2006	109	0.70153	0.68055	0.69104
2006	110+	0.72756	0.7034	0.71548
2007	0	0.00358	0.00408	0.00383
2007	1	0.00038	0.00045	0.000415
2007	2	0.00023	0.0003	0.000265
2007	3	0.00019	0.00023	0.00021
2007	4	0.0002	0.00022	0.00021
2007	5	0.00014	0.00019	0.000165
2007	6	0.00017	0.00017	0.00017
2007	7	0.00013	0.00021	0.00017
2007	8	0.0001	0.00014	0.00012
2007	9	0.00009	0.0001	0.000095
2007	10	0.00008	0.00013	0.000105
2007	11	0.00007	0.00014	0.000105
2007	12	0.00011	0.00016	0.000135
2007	13	0.00013	0.00014	0.000135
2007	14	0.00014	0.00022	0.00018
2007	15	0.00018	0.00029	0.000235
2007	16	0.00018	0.00039	0.000285
2007	17	0.00019	0.00052	0.000355
2007	18	0.00022	0.00055	0.000385
2007	19	0.00028	0.00047	0.000375
2007	20	0.00032	0.00053	0.000425
2007	21	0.00033	0.00044	0.000385
2007	22	0.00041	0.00057	0.00049
2007	23	0.0005	0.00059	0.000545
2007	24	0.00047	0.00059	0.00053
2007	25	0.00048	0.0007	0.00059
2007	26	0.00049	0.0007	0.000595
2007	27	0.00046	0.00083	0.000645
2007	28	0.00042	0.00072	0.00057
2007	29	0.00051	0.00072	0.000615
2007	30	0.00054	0.00077	0.000655
2007	31	0.00063	0.00079	0.00071
2007	32	0.0006	0.00087	0.000735
2007	33	0.00059	0.00093	0.00076
2007	34	0.00057	0.00097	0.00077
2007	35	0.00062	0.00099	0.000805
2007	36	0.0007	0.00115	0.000925
2007	37	0.0007	0.00126	0.00098
2007	38	0.00071	0.00149	0.0011
2007	39	0.00077	0.00157	0.00117
2007	40	0.00083	0.00189	0.00136
2007	41	0.00089	0.00207	0.00148
2007	42	0.00096	0.00246	0.00171
2007	43	0.00098	0.00258	0.00178
2007	44	0.00118	0.00296	0.00207
2007	45	0.00128	0.00293	0.002105
2007	46	0.00141	0.00366	0.002535
2007	47	0.00147	0.00376	0.002615
2007	48	0.00153	0.00426	0.002895
2007	49	0.00156	0.00468	0.00312
2007	50	0.00168	0.00496	0.00332
2007	51	0.0018	0.00524	0.00352
2007	52	0.00199	0.00584	0.003915
2007	53	0.00216	0.00598	0.00407
2007	54	0.00219	0.00663	0.00441
2007	55	0.0026	0.00761	0.005105
2007	56	0.00252	0.00777	0.005145
2007	57	0.00284	0.0084	0.00562
2007	58	0.00321	0.00919	0.0062
2007	59	0.0034	0.00984	0.00662
2007	60	0.00406	0.01075	0.007405
2007	61	0.00404	0.01027	0.007155
2007	62	0.00464	0.01301	0.008825
2007	63	0.00503	0.01309	0.00906
2007	64	0.00584	0.0157	0.01077
2007	65	0.0067	0.01705	0.011875
2007	66	0.00746	0.01898	0.01322
2007	67	0.00837	0.02185	0.01511
2007	68	0.00907	0.02341	0.01624
2007	69	0.01063	0.02602	0.018325
2007	70	0.01198	0.02923	0.020605
2007	71	0.01408	0.03147	0.022775
2007	72	0.01671	0.03562	0.026165
2007	73	0.01812	0.03825	0.028185
2007	74	0.02146	0.04266	0.03206
2007	75	0.02501	0.05092	0.037965
2007	76	0.02742	0.05496	0.04119
2007	77	0.03357	0.06067	0.04712
2007	78	0.03831	0.06782	0.053065
2007	79	0.04317	0.07311	0.05814
2007	80	0.04906	0.08278	0.06592
2007	81	0.05565	0.09264	0.074145
2007	82	0.06586	0.1055	0.08568
2007	83	0.07031	0.11056	0.090435
2007	84	0.08888	0.12974	0.10931
2007	85	0.09549	0.13744	0.116465
2007	86	0.10553	0.15341	0.12947
2007	87	0.12076	0.16904	0.1449
2007	88	0.13415	0.18414	0.159145
2007	89	0.15259	0.19393	0.17326
2007	90	0.1699	0.21447	0.192185
2007	91	0.1862	0.2392	0.2127
2007	92	0.20745	0.27826	0.242855
2007	93	0.22897	0.26755	0.24826
2007	94	0.25203	0.31506	0.283545
2007	95	0.27886	0.32598	0.30242
2007	96	0.30613	0.35071	0.32842
2007	97	0.33482	0.37627	0.355545
2007	98	0.3648	0.40254	0.38367
2007	99	0.39585	0.42938	0.412615
2007	100	0.42778	0.45664	0.44221
2007	101	0.46031	0.48416	0.472235
2007	102	0.49319	0.51178	0.502485
2007	103	0.52612	0.53933	0.532725
2007	104	0.55883	0.56664	0.562735
2007	105	0.59104	0.59355	0.592295
2007	106	0.62248	0.61991	0.621195
2007	107	0.65293	0.64558	0.649255
2007	108	0.68217	0.67044	0.676305
2007	109	0.71005	0.69438	0.702215
2007	110+	0.73642	0.71732	0.72687
2008	0	0.00328	0.00353	0.003405
2008	1	0.00034	0.00043	0.000385
2008	2	0.00018	0.0003	0.00024
2008	3	0.0002	0.00022	0.00021
2008	4	0.00012	0.00017	0.000145
2008	5	0.00014	0.00017	0.000155
2008	6	0.00014	0.00015	0.000145
2008	7	0.00013	0.00014	0.000135
2008	8	0.00011	0.00016	0.000135
2008	9	0.0001	0.00011	0.000105
2008	10	0.00007	0.00013	0.0001
2008	11	0.0001	0.0001	0.0001
2008	12	0.0001	0.00016	0.00013
2008	13	0.00012	0.00013	0.000125
2008	14	0.00016	0.00017	0.000165
2008	15	0.00016	0.00026	0.00021
2008	16	0.00022	0.00032	0.00027
2008	17	0.00016	0.00045	0.000305
2008	18	0.00021	0.00048	0.000345
2008	19	0.00025	0.00045	0.00035
2008	20	0.00025	0.00047	0.00036
2008	21	0.00034	0.00045	0.000395
2008	22	0.0004	0.0006	0.0005
2008	23	0.00044	0.00065	0.000545
2008	24	0.00039	0.00068	0.000535
2008	25	0.00048	0.00068	0.00058
2008	26	0.00051	0.0007	0.000605
2008	27	0.00044	0.00076	0.0006
2008	28	0.00049	0.0008	0.000645
2008	29	0.00048	0.00079	0.000635
2008	30	0.00052	0.00068	0.0006
2008	31	0.00055	0.00071	0.00063
2008	32	0.00056	0.0008	0.00068
2008	33	0.00058	0.00083	0.000705
2008	34	0.00058	0.00102	0.0008
2008	35	0.00058	0.00111	0.000845
2008	36	0.00064	0.00122	0.00093
2008	37	0.00071	0.00131	0.00101
2008	38	0.0007	0.00144	0.00107
2008	39	0.00079	0.00158	0.001185
2008	40	0.00088	0.00182	0.00135
2008	41	0.00092	0.00194	0.00143
2008	42	0.00095	0.00219	0.00157
2008	43	0.00101	0.00265	0.00183
2008	44	0.0011	0.00269	0.001895
2008	45	0.00129	0.00312	0.002205
2008	46	0.00123	0.00313	0.00218
2008	47	0.00136	0.00388	0.00262
2008	48	0.00148	0.00422	0.00285
2008	49	0.00158	0.00431	0.002945
2008	50	0.0017	0.00473	0.003215
2008	51	0.00192	0.00513	0.003525
2008	52	0.00186	0.00531	0.003585
2008	53	0.0021	0.0061	0.0041
2008	54	0.00219	0.00651	0.00435
2008	55	0.00227	0.00698	0.004625
2008	56	0.00274	0.00793	0.005335
2008	57	0.00283	0.00822	0.005525
2008	58	0.00296	0.00901	0.005985
2008	59	0.00337	0.00932	0.006345
2008	60	0.00376	0.00993	0.006845
2008	61	0.00418	0.01139	0.007785
2008	62	0.00395	0.01078	0.007365
2008	63	0.0048	0.01342	0.00911
2008	64	0.00521	0.01376	0.009485
2008	65	0.00589	0.01584	0.010865
2008	66	0.0068	0.01835	0.012575
2008	67	0.00736	0.01985	0.013605
2008	68	0.00867	0.02221	0.01544
2008	69	0.01009	0.02494	0.017515
2008	70	0.01129	0.02711	0.0192
2008	71	0.01269	0.03176	0.022225
2008	72	0.01545	0.03395	0.0247
2008	73	0.01766	0.03909	0.028375
2008	74	0.01883	0.04205	0.03044
2008	75	0.02195	0.04615	0.03405
2008	76	0.02578	0.05145	0.038615
2008	77	0.02912	0.05596	0.04254
2008	78	0.0359	0.06428	0.05009
2008	79	0.03959	0.07267	0.05613
2008	80	0.04756	0.08065	0.064105
2008	81	0.05144	0.09417	0.072805
2008	82	0.05923	0.0974	0.078315
2008	83	0.07069	0.10941	0.09005
2008	84	0.07458	0.11722	0.0959
2008	85	0.09696	0.14604	0.1215
2008	86	0.09939	0.14638	0.122885
2008	87	0.1125	0.16308	0.13779
2008	88	0.12505	0.18298	0.154015
2008	89	0.14257	0.20196	0.172265
2008	90	0.15705	0.21581	0.18643
2008	91	0.17908	0.23853	0.208805
2008	92	0.20695	0.24572	0.226335
2008	93	0.20573	0.2389	0.222315
2008	94	0.2311	0.25032	0.24071
2008	95	0.26487	0.31414	0.289505
2008	96	0.29129	0.33791	0.3146
2008	97	0.3192	0.36253	0.340865
2008	98	0.34847	0.3879	0.368185
2008	99	0.37893	0.41388	0.396405
2008	100	0.41037	0.44036	0.425365
2008	101	0.44256	0.46717	0.454865
2008	102	0.47525	0.49418	0.484715
2008	103	0.50814	0.52122	0.51468
2008	104	0.54097	0.54814	0.544555
2008	105	0.57345	0.57478	0.574115
2008	106	0.6053	0.601	0.60315
2008	107	0.63628	0.62664	0.63146
2008	108	0.66618	0.6516	0.65889
2008	109	0.69479	0.67575	0.68527
2008	110+	0.72198	0.699	0.71049
2009	0	0.00313	0.00338	0.003255
2009	1	0.00035	0.00032	0.000335
2009	2	0.00021	0.00023	0.00022
2009	3	0.00021	0.00016	0.000185
2009	4	0.00012	0.00014	0.00013
2009	5	0.00015	0.00016	0.000155
2009	6	0.0001	0.0002	0.00015
2009	7	0.00008	0.0002	0.00014
2009	8	0.00012	0.00013	0.000125
2009	9	0.00008	0.00018	0.00013
2009	10	0.00008	0.00014	0.00011
2009	11	0.0001	0.00011	0.000105
2009	12	0.00011	0.00016	0.000135
2009	13	0.00014	0.00015	0.000145
2009	14	0.00013	0.00018	0.000155
2009	15	0.00016	0.00024	0.0002
2009	16	0.00021	0.00036	0.000285
2009	17	0.00022	0.00044	0.00033
2009	18	0.00025	0.00047	0.00036
2009	19	0.00028	0.00043	0.000355
2009	20	0.00029	0.00048	0.000385
2009	21	0.00032	0.00051	0.000415
2009	22	0.00034	0.00057	0.000455
2009	23	0.00046	0.0006	0.00053
2009	24	0.00047	0.0007	0.000585
2009	25	0.00055	0.00072	0.000635
2009	26	0.0005	0.00068	0.00059
2009	27	0.00049	0.00071	0.0006
2009	28	0.00054	0.00076	0.00065
2009	29	0.00054	0.00084	0.00069
2009	30	0.00067	0.00089	0.00078
2009	31	0.00056	0.00092	0.00074
2009	32	0.00056	0.00093	0.000745
2009	33	0.0007	0.00094	0.00082
2009	34	0.00061	0.00101	0.00081
2009	35	0.00068	0.00105	0.000865
2009	36	0.00068	0.00127	0.000975
2009	37	0.00067	0.00129	0.00098
2009	38	0.00088	0.00141	0.001145
2009	39	0.00076	0.00164	0.0012
2009	40	0.00088	0.00181	0.001345
2009	41	0.00086	0.00206	0.00146
2009	42	0.00093	0.0023	0.001615
2009	43	0.00098	0.00242	0.0017
2009	44	0.0011	0.00277	0.001935
2009	45	0.00121	0.00284	0.002025
2009	46	0.00126	0.00349	0.002375
2009	47	0.00124	0.00331	0.002275
2009	48	0.00139	0.00399	0.00269
2009	49	0.0016	0.00449	0.003045
2009	50	0.00169	0.00478	0.003235
2009	51	0.00177	0.00514	0.003455
2009	52	0.00184	0.0056	0.00372
2009	53	0.00204	0.00587	0.003955
2009	54	0.00216	0.00666	0.00441
2009	55	0.00229	0.00688	0.004585
2009	56	0.00252	0.00691	0.004715
2009	57	0.00274	0.00791	0.005325
2009	58	0.00291	0.00791	0.00541
2009	59	0.00311	0.00927	0.00619
2009	60	0.00345	0.0097	0.006575
2009	61	0.00385	0.01038	0.007115
2009	62	0.00441	0.01193	0.00817
2009	63	0.00431	0.01174	0.008025
2009	64	0.00525	0.01436	0.009805
2009	65	0.00556	0.01449	0.010025
2009	66	0.00632	0.01705	0.011685
2009	67	0.00737	0.01867	0.01302
2009	68	0.00768	0.02122	0.01445
2009	69	0.00972	0.0228	0.01626
2009	70	0.01088	0.0261	0.01849
2009	71	0.01226	0.02841	0.020335
2009	72	0.01403	0.03298	0.023505
2009	73	0.01593	0.0358	0.025865
2009	74	0.01806	0.03909	0.028575
2009	75	0.02124	0.04382	0.03253
2009	76	0.02545	0.04761	0.03653
2009	77	0.0287	0.05522	0.04196
2009	78	0.03104	0.06026	0.04565
2009	79	0.03785	0.06962	0.053735
2009	80	0.04306	0.07866	0.06086
2009	81	0.04908	0.08494	0.06701
2009	82	0.05643	0.09386	0.075145
2009	83	0.06347	0.10045	0.08196
2009	84	0.07471	0.11981	0.09726
2009	85	0.07925	0.12397	0.10161
2009	86	0.09947	0.14631	0.12289
2009	87	0.10363	0.1515	0.127565
2009	88	0.11428	0.1651	0.13969
2009	89	0.13665	0.18524	0.160945
2009	90	0.14774	0.20827	0.178005
2009	91	0.16702	0.20496	0.18599
2009	92	0.18781	0.24059	0.2142
2009	93	0.20348	0.25232	0.2279
2009	94	0.22002	0.28257	0.251295
2009	95	0.25063	0.29935	0.27499
2009	96	0.27625	0.32249	0.29937
2009	97	0.30343	0.34654	0.324985
2009	98	0.33206	0.37139	0.351725
2009	99	0.36198	0.39695	0.379465
2009	100	0.39302	0.42308	0.40805
2009	101	0.42494	0.44965	0.437295
2009	102	0.4575	0.47651	0.467005
2009	103	0.49043	0.5035	0.496965
2009	104	0.52344	0.53047	0.526955
2009	105	0.55625	0.55727	0.55676
2009	106	0.58857	0.58374	0.586155
2009	107	0.62015	0.60974	0.614945
2009	108	0.65074	0.63512	0.64293
2009	109	0.68014	0.65978	0.66996
2009	110+	0.70817	0.6836	0.695885
2010	0	0.00297	0.004	0.003485
2010	1	0.00032	0.00035	0.000335
2010	2	0.00019	0.0002	0.000195
2010	3	0.00015	0.0002	0.000175
2010	4	0.00012	0.00014	0.00013
2010	5	0.00007	0.00012	0.000095
2010	6	0.00008	0.00013	0.000105
2010	7	0.0001	0.00016	0.00013
2010	8	0.00006	0.00009	0.000075
2010	9	0.0001	0.00015	0.000125
2010	10	0.00008	0.00012	0.0001
2010	11	0.00007	0.0001	0.000085
2010	12	0.00011	0.00012	0.000115
2010	13	0.00013	0.00018	0.000155
2010	14	0.00013	0.00021	0.00017
2010	15	0.00015	0.00021	0.00018
2010	16	0.00018	0.00035	0.000265
2010	17	0.00016	0.00041	0.000285
2010	18	0.00023	0.00044	0.000335
2010	19	0.0003	0.00049	0.000395
2010	20	0.00026	0.00046	0.00036
2010	21	0.0003	0.00051	0.000405
2010	22	0.00035	0.00062	0.000485
2010	23	0.00035	0.0006	0.000475
2010	24	0.0004	0.0006	0.0005
2010	25	0.00045	0.00073	0.00059
2010	26	0.00044	0.0007	0.00057
2010	27	0.00045	0.0008	0.000625
2010	28	0.00046	0.00076	0.00061
2010	29	0.00055	0.00075	0.00065
2010	30	0.00051	0.00083	0.00067
2010	31	0.00054	0.00091	0.000725
2010	32	0.00054	0.00095	0.000745
2010	33	0.00048	0.00089	0.000685
2010	34	0.00062	0.00092	0.00077
2010	35	0.00061	0.00113	0.00087
2010	36	0.00067	0.00124	0.000955
2010	37	0.0007	0.00125	0.000975
2010	38	0.00074	0.00127	0.001005
2010	39	0.00084	0.00153	0.001185
2010	40	0.00078	0.00168	0.00123
2010	41	0.00089	0.00204	0.001465
2010	42	0.00088	0.00219	0.001535
2010	43	0.00098	0.00237	0.001675
2010	44	0.00108	0.00273	0.001905
2010	45	0.00116	0.00295	0.002055
2010	46	0.00127	0.00309	0.00218
2010	47	0.00138	0.00349	0.002435
2010	48	0.00142	0.00377	0.002595
2010	49	0.00158	0.00435	0.002965
2010	50	0.0016	0.00456	0.00308
2010	51	0.00179	0.00477	0.00328
2010	52	0.00187	0.00537	0.00362
2010	53	0.00198	0.0057	0.00384
2010	54	0.00209	0.00623	0.00416
2010	55	0.00225	0.00689	0.00457
2010	56	0.0023	0.00674	0.00452
2010	57	0.0024	0.00769	0.005045
2010	58	0.00292	0.00886	0.00589
2010	59	0.00297	0.00888	0.005925
2010	60	0.00329	0.00999	0.00664
2010	61	0.0037	0.01066	0.00718
2010	62	0.00399	0.01062	0.007305
2010	63	0.00482	0.01261	0.008715
2010	64	0.00452	0.01213	0.008325
2010	65	0.00558	0.01512	0.01035
2010	66	0.00597	0.01519	0.01058
2010	67	0.00727	0.01812	0.012695
2010	68	0.00828	0.02044	0.01436
2010	69	0.00891	0.02173	0.01532
2010	70	0.01041	0.02541	0.01791
2010	71	0.01151	0.02844	0.019975
2010	72	0.01333	0.03126	0.022295
2010	73	0.01553	0.0357	0.025615
2010	74	0.01777	0.03895	0.02836
2010	75	0.02117	0.04368	0.032425
2010	76	0.02369	0.04843	0.03606
2010	77	0.02696	0.05402	0.04049
2010	78	0.03257	0.06182	0.047195
2010	79	0.03625	0.06934	0.052795
2010	80	0.04439	0.07654	0.060465
2010	81	0.04766	0.08628	0.06697
2010	82	0.05598	0.09353	0.074755
2010	83	0.06446	0.10262	0.08354
2010	84	0.07211	0.11181	0.09196
2010	85	0.08469	0.13164	0.108165
2010	86	0.08575	0.13856	0.112155
2010	87	0.1119	0.16256	0.13723
2010	88	0.11733	0.16598	0.141655
2010	89	0.12895	0.18235	0.15565
2010	90	0.15337	0.20436	0.178865
2010	91	0.16393	0.22095	0.19244
2010	92	0.18697	0.25186	0.219415
2010	93	0.20674	0.25565	0.231195
2010	94	0.22527	0.27122	0.248245
2010	95	0.2509	0.30563	0.278265
2010	96	0.27662	0.32964	0.30313
2010	97	0.30391	0.35456	0.329235
2010	98	0.33266	0.38031	0.356485
2010	99	0.3627	0.40675	0.384725
2010	100	0.39386	0.43373	0.413795
2010	101	0.42591	0.46112	0.443515
2010	102	0.45859	0.48874	0.473665
2010	103	0.49163	0.51644	0.504035
2010	104	0.52474	0.54403	0.534385
2010	105	0.55764	0.57135	0.564495
2010	106	0.59004	0.59825	0.594145
2010	107	0.62168	0.62456	0.62312
2010	108	0.65231	0.65016	0.651235
2010	109	0.68174	0.67493	0.678335
2010	110+	0.70978	0.69875	0.704265
2011	0	0.00278	0.00347	0.003125
2011	1	0.00032	0.00035	0.000335
2011	2	0.00017	0.00025	0.00021
2011	3	0.00017	0.00021	0.00019
2011	4	0.00012	0.00009	0.000105
2011	5	0.00009	0.00012	0.000105
2011	6	0.0001	0.00011	0.000105
2011	7	0.0001	0.00015	0.000125
2011	8	0.00006	0.00009	0.000075
2011	9	0.00007	0.00009	0.00008
2011	10	0.00007	0.0001	0.000085
2011	11	0.00012	0.0001	0.00011
2011	12	0.00012	0.00012	0.00012
2011	13	0.0001	0.0002	0.00015
2011	14	0.00012	0.0002	0.00016
2011	15	0.00013	0.00021	0.00017
2011	16	0.00021	0.00031	0.00026
2011	17	0.00018	0.00044	0.00031
2011	18	0.00019	0.00042	0.000305
2011	19	0.00021	0.00047	0.00034
2011	20	0.00029	0.00043	0.00036
2011	21	0.00027	0.00041	0.00034
2011	22	0.00029	0.00062	0.000455
2011	23	0.00033	0.00051	0.00042
2011	24	0.00035	0.00064	0.000495
2011	25	0.00039	0.00069	0.00054
2011	26	0.00035	0.00073	0.00054
2011	27	0.00042	0.00073	0.000575
2011	28	0.00046	0.00078	0.00062
2011	29	0.00052	0.00083	0.000675
2011	30	0.00049	0.00077	0.00063
2011	31	0.00056	0.0008	0.00068
2011	32	0.00052	0.0009	0.00071
2011	33	0.00057	0.00094	0.000755
2011	34	0.00059	0.00085	0.00072
2011	35	0.00058	0.00108	0.00083
2011	36	0.00064	0.00112	0.00088
2011	37	0.0006	0.00128	0.00094
2011	38	0.00069	0.00131	0.001
2011	39	0.00074	0.00136	0.00105
2011	40	0.00082	0.00166	0.00124
2011	41	0.00082	0.0017	0.00126
2011	42	0.00093	0.00205	0.00149
2011	43	0.00091	0.00214	0.001525
2011	44	0.00109	0.00252	0.001805
2011	45	0.00112	0.00272	0.00192
2011	46	0.00115	0.00302	0.002085
2011	47	0.00123	0.00321	0.00222
2011	48	0.0014	0.00371	0.002555
2011	49	0.00142	0.0039	0.00266
2011	50	0.00162	0.0046	0.00311
2011	51	0.00177	0.00487	0.00332
2011	52	0.00169	0.00514	0.003415
2011	53	0.00173	0.00549	0.00361
2011	54	0.00195	0.00612	0.004035
2011	55	0.0022	0.0061	0.00415
2011	56	0.00229	0.00704	0.004665
2011	57	0.00231	0.00729	0.0048
2011	58	0.00277	0.00791	0.00534
2011	59	0.00291	0.00897	0.00594
2011	60	0.00317	0.00886	0.006015
2011	61	0.00372	0.01021	0.006965
2011	62	0.00362	0.011	0.00731
2011	63	0.00416	0.01131	0.007735
2011	64	0.00494	0.01305	0.008995
2011	65	0.00488	0.01195	0.008415
2011	66	0.00603	0.01523	0.01063
2011	67	0.00665	0.01632	0.011485
2011	68	0.00749	0.01936	0.013425
2011	69	0.00838	0.02146	0.01492
2011	70	0.00924	0.02423	0.016735
2011	71	0.0111	0.02715	0.019125
2011	72	0.01245	0.0304	0.021425
2011	73	0.01402	0.03337	0.023695
2011	74	0.01694	0.03765	0.027295
2011	75	0.01869	0.04204	0.030365
2011	76	0.02225	0.04596	0.034105
2011	77	0.02671	0.0528	0.039755
2011	78	0.02948	0.05705	0.043265
2011	79	0.03486	0.06525	0.050055
2011	80	0.03912	0.07232	0.05572
2011	81	0.047	0.08158	0.06429
2011	82	0.05418	0.09332	0.07375
2011	83	0.06174	0.09927	0.080505
2011	84	0.07189	0.11492	0.093405
2011	85	0.07988	0.12896	0.10442
2011	86	0.0915	0.13649	0.113995
2011	87	0.09893	0.14991	0.12442
2011	88	0.12838	0.16544	0.14691
2011	89	0.13092	0.17971	0.155315
2011	90	0.13894	0.20104	0.16999
2011	91	0.16455	0.22371	0.19413
2011	92	0.17848	0.22193	0.200205
2011	93	0.20867	0.26524	0.236955
2011	94	0.23774	0.29311	0.265425
2011	95	0.24888	0.30514	0.27701
2011	96	0.27492	0.3297	0.30231
2011	97	0.30258	0.35523	0.328905
2011	98	0.33175	0.3816	0.356675
2011	99	0.36227	0.4087	0.385485
2011	100	0.39394	0.43636	0.41515
2011	101	0.42653	0.46442	0.445475
2011	102	0.45977	0.49271	0.47624
2011	103	0.49338	0.52105	0.507215
2011	104	0.52704	0.54925	0.538145
2011	105	0.56046	0.57714	0.5688
2011	106	0.59334	0.60455	0.598945
2011	107	0.6254	0.63131	0.628355
2011	108	0.6564	0.65729	0.656845
2011	109	0.68612	0.68236	0.68424
2011	110+	0.71439	0.70642	0.710405
2012	0	0.00283	0.00333	0.00308
2012	1	0.00031	0.00037	0.00034
2012	2	0.00012	0.00023	0.000175
2012	3	0.00016	0.00017	0.000165
2012	4	0.00008	0.00016	0.00012
2012	5	0.00016	0.00012	0.00014
2012	6	0.00011	0.00014	0.000125
2012	7	0.00007	0.00015	0.00011
2012	8	0.00009	0.00013	0.00011
2012	9	0.00011	0.00007	0.00009
2012	10	0.00009	0.00011	0.0001
2012	11	0.00008	0.00011	0.000095
2012	12	0.00006	0.0001	0.00008
2012	13	0.00006	0.00016	0.00011
2012	14	0.0001	0.00018	0.00014
2012	15	0.00018	0.00019	0.000185
2012	16	0.00019	0.00028	0.000235
2012	17	0.00018	0.00032	0.00025
2012	18	0.00017	0.0004	0.000285
2012	19	0.00018	0.00043	0.000305
2012	20	0.00024	0.00041	0.000325
2012	21	0.00022	0.00047	0.000345
2012	22	0.00027	0.00049	0.00038
2012	23	0.00027	0.00055	0.00041
2012	24	0.00031	0.00059	0.00045
2012	25	0.00031	0.00059	0.00045
2012	26	0.00035	0.00065	0.0005
2012	27	0.00031	0.00067	0.00049
2012	28	0.00042	0.0006	0.00051
2012	29	0.0004	0.00074	0.00057
2012	30	0.0005	0.00066	0.00058
2012	31	0.00048	0.00079	0.000635
2012	32	0.00051	0.00091	0.00071
2012	33	0.00055	0.0009	0.000725
2012	34	0.00056	0.0009	0.00073
2012	35	0.0005	0.00105	0.000775
2012	36	0.00057	0.00111	0.00084
2012	37	0.00062	0.00117	0.000895
2012	38	0.00061	0.00127	0.00094
2012	39	0.00067	0.00141	0.00104
2012	40	0.00073	0.00151	0.00112
2012	41	0.00081	0.00165	0.00123
2012	42	0.0009	0.00175	0.001325
2012	43	0.001	0.00212	0.00156
2012	44	0.00096	0.00236	0.00166
2012	45	0.00115	0.00274	0.001945
2012	46	0.0012	0.00287	0.002035
2012	47	0.00122	0.00322	0.00222
2012	48	0.00125	0.00331	0.00228
2012	49	0.00144	0.00406	0.00275
2012	50	0.00142	0.00392	0.00267
2012	51	0.00162	0.00481	0.003215
2012	52	0.00168	0.00487	0.003275
2012	53	0.00195	0.00535	0.00365
2012	54	0.00198	0.00572	0.00385
2012	55	0.00195	0.00616	0.004055
2012	56	0.0021	0.00665	0.004375
2012	57	0.00232	0.00725	0.004785
2012	58	0.00261	0.00721	0.00491
2012	59	0.00275	0.00825	0.0055
2012	60	0.00294	0.00929	0.006115
2012	61	0.00317	0.00938	0.006275
2012	62	0.00367	0.01065	0.00716
2012	63	0.00389	0.01125	0.00757
2012	64	0.00438	0.01192	0.00815
2012	65	0.00512	0.01379	0.009455
2012	66	0.0048	0.01308	0.00894
2012	67	0.00641	0.01656	0.011485
2012	68	0.00667	0.01697	0.01182
2012	69	0.00826	0.02076	0.01451
2012	70	0.00966	0.02414	0.0169
2012	71	0.01075	0.02547	0.01811
2012	72	0.01253	0.02928	0.020905
2012	73	0.01416	0.03277	0.023465
2012	74	0.01676	0.0371	0.02693
2012	75	0.01907	0.0424	0.030735
2012	76	0.0218	0.04613	0.033965
2012	77	0.02561	0.05288	0.039245
2012	78	0.02935	0.05726	0.043305
2012	79	0.03425	0.06472	0.049485
2012	80	0.04072	0.07439	0.057555
2012	81	0.04616	0.08154	0.06385
2012	82	0.05496	0.09289	0.073925
2012	83	0.06112	0.10519	0.083155
2012	84	0.07096	0.10825	0.089605
2012	85	0.08116	0.12833	0.104745
2012	86	0.0909	0.1365	0.1137
2012	87	0.10641	0.15829	0.13235
2012	88	0.11335	0.16617	0.13976
2012	89	0.14448	0.19863	0.171555
2012	90	0.15286	0.20547	0.179165
2012	91	0.17196	0.21973	0.195845
2012	92	0.1904	0.23272	0.21156
2012	93	0.20283	0.26018	0.231505
2012	94	0.22885	0.29249	0.26067
2012	95	0.26247	0.31212	0.287295
2012	96	0.29054	0.33735	0.313945
2012	97	0.3203	0.36353	0.341915
2012	98	0.35161	0.39056	0.371085
2012	99	0.38424	0.41827	0.401255
2012	100	0.41795	0.44651	0.43223
2012	101	0.45245	0.47509	0.46377
2012	102	0.4874	0.50384	0.49562
2012	103	0.52249	0.53257	0.52753
2012	104	0.55735	0.56108	0.559215
2012	105	0.59165	0.58919	0.59042
2012	106	0.62509	0.61674	0.620915
2012	107	0.65737	0.64355	0.65046
2012	108	0.68826	0.66949	0.678875
2012	109	0.71756	0.69444	0.706
2012	110+	0.74513	0.7183	0.731715
2013	0	0.0028	0.00305	0.002925
2013	1	0.00024	0.00026	0.00025
2013	2	0.00015	0.00022	0.000185
2013	3	0.00015	0.00015	0.00015
2013	4	0.00012	0.00016	0.00014
2013	5	0.0001	0.00018	0.00014
2013	6	0.00008	0.00012	0.0001
2013	7	0.00008	0.00012	0.0001
2013	8	0.00009	0.00012	0.000105
2013	9	0.00006	0.00012	0.00009
2013	10	0.00009	0.0001	0.000095
2013	11	0.00006	0.00009	0.000075
2013	12	0.00005	0.0001	0.000075
2013	13	0.00007	0.00013	0.0001
2013	14	0.00008	0.00015	0.000115
2013	15	0.00013	0.0002	0.000165
2013	16	0.00013	0.00029	0.00021
2013	17	0.00015	0.0003	0.000225
2013	18	0.00017	0.00032	0.000245
2013	19	0.00021	0.00041	0.00031
2013	20	0.00026	0.00039	0.000325
2013	21	0.0002	0.00038	0.00029
2013	22	0.00025	0.00051	0.00038
2013	23	0.00024	0.00051	0.000375
2013	24	0.00027	0.00058	0.000425
2013	25	0.00031	0.00054	0.000425
2013	26	0.00028	0.00063	0.000455
2013	27	0.00036	0.00057	0.000465
2013	28	0.00038	0.00066	0.00052
2013	29	0.00041	0.00066	0.000535
2013	30	0.00045	0.00068	0.000565
2013	31	0.00051	0.00078	0.000645
2013	32	0.00042	0.00089	0.000655
2013	33	0.0005	0.00085	0.000675
2013	34	0.00054	0.0009	0.00072
2013	35	0.00058	0.00106	0.00082
2013	36	0.00055	0.00104	0.000795
2013	37	0.00061	0.00107	0.00084
2013	38	0.00069	0.00122	0.000955
2013	39	0.00069	0.00145	0.00107
2013	40	0.00081	0.0015	0.001155
2013	41	0.00079	0.00163	0.00121
2013	42	0.00087	0.00191	0.00139
2013	43	0.0009	0.00209	0.001495
2013	44	0.00095	0.0022	0.001575
2013	45	0.00104	0.00246	0.00175
2013	46	0.00121	0.0028	0.002005
2013	47	0.00123	0.00302	0.002125
2013	48	0.00128	0.00345	0.002365
2013	49	0.00132	0.00354	0.00243
2013	50	0.00164	0.00397	0.002805
2013	51	0.00152	0.00421	0.002865
2013	52	0.00172	0.00493	0.003325
2013	53	0.00183	0.00519	0.00351
2013	54	0.00202	0.00539	0.003705
2013	55	0.00189	0.00576	0.003825
2013	56	0.00228	0.00642	0.00435
2013	57	0.00227	0.00667	0.00447
2013	58	0.0025	0.00784	0.00517
2013	59	0.00254	0.00771	0.005125
2013	60	0.00272	0.00838	0.00555
2013	61	0.00334	0.0097	0.00652
2013	62	0.0036	0.00994	0.00677
2013	63	0.00414	0.01117	0.007655
2013	64	0.00417	0.01106	0.007615
2013	65	0.00466	0.01178	0.00822
2013	66	0.00533	0.0143	0.009815
2013	67	0.00541	0.01378	0.009595
2013	68	0.00681	0.01777	0.01229
2013	69	0.00767	0.01805	0.01286
2013	70	0.009	0.02221	0.015605
2013	71	0.01021	0.0244	0.017305
2013	72	0.01201	0.02712	0.019565
2013	73	0.0134	0.03091	0.022155
2013	74	0.01516	0.03406	0.02461
2013	75	0.01795	0.04	0.028975
2013	76	0.0204	0.04355	0.031975
2013	77	0.02332	0.0484	0.03586
2013	78	0.02865	0.05686	0.042755
2013	79	0.03307	0.06011	0.04659
2013	80	0.03739	0.06813	0.05276
2013	81	0.04305	0.0789	0.060975
2013	82	0.04961	0.08489	0.06725
2013	83	0.05912	0.09789	0.078505
2013	84	0.06626	0.10639	0.086325
2013	85	0.07653	0.12132	0.098925
2013	86	0.08734	0.1319	0.10962
2013	87	0.09774	0.14447	0.121105
2013	88	0.1141	0.16341	0.138755
2013	89	0.12235	0.17403	0.14819
2013	90	0.15263	0.19945	0.17604
2013	91	0.15486	0.20401	0.179435
2013	92	0.17401	0.2144	0.194205
2013	93	0.19929	0.26161	0.23045
2013	94	0.20691	0.25862	0.232765
2013	95	0.24573	0.29415	0.26994
2013	96	0.27239	0.3183	0.295345
2013	97	0.30078	0.34348	0.32213
2013	98	0.33079	0.36956	0.350175
2013	99	0.36225	0.39643	0.37934
2013	100	0.39493	0.42395	0.40944
2013	101	0.42857	0.45194	0.440255
2013	102	0.46289	0.48024	0.471565
2013	103	0.49757	0.50866	0.503115
2013	104	0.53227	0.53703	0.53465
2013	105	0.56666	0.56516	0.56591
2013	106	0.60041	0.59288	0.596645
2013	107	0.63325	0.62002	0.626635
2013	108	0.66489	0.64643	0.65566
2013	109	0.69511	0.67198	0.683545
2013	110+	0.72374	0.69654	0.71014
2014	0	0.00289	0.00332	0.003105
2014	1	0.0003	0.00024	0.00027
2014	2	0.00011	0.00017	0.00014
2014	3	0.00009	0.0001	0.000095
2014	4	0.0001	0.00012	0.00011
2014	5	0.00011	0.00011	0.00011
2014	6	0.00006	0.00009	0.000075
2014	7	0.00009	0.0001	0.000095
2014	8	0.00008	0.0001	0.00009
2014	9	0.00006	0.00008	0.00007
2014	10	0.00006	0.00008	0.00007
2014	11	0.00006	0.00007	0.000065
2014	12	0.00008	0.00008	0.00008
2014	13	0.00008	0.0001	0.00009
2014	14	0.00008	0.00014	0.00011
2014	15	0.00011	0.00022	0.000165
2014	16	0.00025	0.00031	0.00028
2014	17	0.00016	0.00034	0.00025
2014	18	0.0002	0.00033	0.000265
2014	19	0.0002	0.00041	0.000305
2014	20	0.00019	0.00036	0.000275
2014	21	0.00025	0.00042	0.000335
2014	22	0.0002	0.00045	0.000325
2014	23	0.00021	0.00041	0.00031
2014	24	0.00025	0.0005	0.000375
2014	25	0.00029	0.00052	0.000405
2014	26	0.00028	0.00059	0.000435
2014	27	0.00028	0.00053	0.000405
2014	28	0.00037	0.00058	0.000475
2014	29	0.0004	0.00072	0.00056
2014	30	0.00039	0.00075	0.00057
2014	31	0.0004	0.00083	0.000615
2014	32	0.00044	0.00076	0.0006
2014	33	0.00053	0.00076	0.000645
2014	34	0.00055	0.00085	0.0007
2014	35	0.00053	0.00097	0.00075
2014	36	0.00064	0.00101	0.000825
2014	37	0.00061	0.00107	0.00084
2014	38	0.00062	0.00121	0.000915
2014	39	0.00071	0.00138	0.001045
2014	40	0.00076	0.00147	0.001115
2014	41	0.00077	0.00149	0.00113
2014	42	0.00072	0.00174	0.00123
2014	43	0.0009	0.00185	0.001375
2014	44	0.00098	0.00218	0.00158
2014	45	0.00097	0.00233	0.00165
2014	46	0.0011	0.00256	0.00183
2014	47	0.00119	0.00285	0.00202
2014	48	0.00123	0.00319	0.00221
2014	49	0.00143	0.0035	0.002465
2014	50	0.00135	0.0037	0.002525
2014	51	0.00158	0.00448	0.00303
2014	52	0.00152	0.00454	0.00303
2014	53	0.00191	0.00487	0.00339
2014	54	0.00187	0.00545	0.00366
2014	55	0.00192	0.0057	0.00381
2014	56	0.00212	0.00607	0.004095
2014	57	0.00228	0.00629	0.004285
2014	58	0.00232	0.0071	0.00471
2014	59	0.00267	0.00788	0.005275
2014	60	0.00296	0.00792	0.00544
2014	61	0.00295	0.00862	0.005785
2014	62	0.00346	0.00978	0.00662
2014	63	0.00353	0.01012	0.006825
2014	64	0.0039	0.01107	0.007485
2014	65	0.00434	0.01212	0.00823
2014	66	0.00481	0.01288	0.008845
2014	67	0.00602	0.01508	0.01055
2014	68	0.00559	0.01441	0.01
2014	69	0.00735	0.01837	0.01286
2014	70	0.00795	0.01954	0.013745
2014	71	0.00972	0.02297	0.016345
2014	72	0.01079	0.02628	0.018535
2014	73	0.01218	0.02805	0.020115
2014	74	0.01496	0.03312	0.02404
2014	75	0.01668	0.03732	0.027
2014	76	0.01885	0.04141	0.03013
2014	77	0.02285	0.04642	0.034635
2014	78	0.02602	0.05155	0.038785
2014	79	0.03002	0.06064	0.04533
2014	80	0.03678	0.06673	0.051755
2014	81	0.04124	0.07226	0.05675
2014	82	0.04819	0.08516	0.066675
2014	83	0.05481	0.09236	0.073585
2014	84	0.06534	0.10587	0.085605
2014	85	0.0735	0.11788	0.09569
2014	86	0.08071	0.12768	0.104195
2014	87	0.09456	0.1439	0.11923
2014	88	0.1058	0.15071	0.128255
2014	89	0.12075	0.17144	0.146095
2014	90	0.13145	0.17038	0.150915
2014	91	0.15949	0.21053	0.18501
2014	92	0.17394	0.20524	0.18959
2014	93	0.18992	0.22276	0.20634
2014	94	0.213	0.24985	0.231425
2014	95	0.23667	0.28167	0.25917
2014	96	0.26263	0.30489	0.28376
2014	97	0.29034	0.32915	0.309745
2014	98	0.31972	0.35435	0.337035
2014	99	0.35059	0.38038	0.365485
2014	100	0.38277	0.40712	0.394945
2014	101	0.41602	0.43443	0.425225
2014	102	0.45004	0.46214	0.45609
2014	103	0.48454	0.49008	0.48731
2014	104	0.51919	0.51809	0.51864
2014	105	0.55365	0.54598	0.549815
2014	106	0.5876	0.57359	0.580595
2014	107	0.62074	0.60074	0.61074
2014	108	0.6528	0.62729	0.640045
2014	109	0.68352	0.6531	0.66831
2014	110+	0.71272	0.67803	0.695375
2015	0	0.00259	0.00302	0.002805
2015	1	0.00023	0.00025	0.00024
2015	2	0.00013	0.00025	0.00019
2015	3	0.00011	0.00012	0.000115
2015	4	0.00006	0.0001	0.00008
2015	5	0.00008	0.00011	0.000095
2015	6	0.00008	0.00012	0.0001
2015	7	0.00008	0.0001	0.00009
2015	8	0.00007	0.00009	0.00008
2015	9	0.00004	0.00011	0.000075
2015	10	0.00006	0.00008	0.00007
2015	11	0.00006	0.00008	0.00007
2015	12	0.00005	0.0001	0.000075
2015	13	0.00008	0.00013	0.000105
2015	14	0.00008	0.00012	0.0001
2015	15	0.0001	0.00016	0.00013
2015	16	0.00015	0.00022	0.000185
2015	17	0.00013	0.00027	0.0002
2015	18	0.00016	0.00033	0.000245
2015	19	0.00022	0.00031	0.000265
2015	20	0.00023	0.00037	0.0003
2015	21	0.00018	0.00034	0.00026
2015	22	0.00018	0.00044	0.00031
2015	23	0.00025	0.00048	0.000365
2015	24	0.00029	0.00049	0.00039
2015	25	0.00029	0.00056	0.000425
2015	26	0.00031	0.00053	0.00042
2015	27	0.00038	0.00059	0.000485
2015	28	0.00034	0.00064	0.00049
2015	29	0.00032	0.00072	0.00052
2015	30	0.00037	0.00066	0.000515
2015	31	0.00053	0.00063	0.00058
2015	32	0.00052	0.00072	0.00062
2015	33	0.0005	0.00079	0.000645
2015	34	0.00049	0.00079	0.00064
2015	35	0.00048	0.00087	0.000675
2015	36	0.00063	0.00089	0.00076
2015	37	0.00062	0.00098	0.0008
2015	38	0.00062	0.00106	0.00084
2015	39	0.0006	0.00124	0.00092
2015	40	0.00073	0.00135	0.00104
2015	41	0.00076	0.00152	0.00114
2015	42	0.00087	0.00159	0.00123
2015	43	0.00087	0.00187	0.00137
2015	44	0.00093	0.00193	0.00143
2015	45	0.00094	0.0021	0.00152
2015	46	0.00112	0.00258	0.00185
2015	47	0.00109	0.0027	0.001895
2015	48	0.00128	0.00297	0.002125
2015	49	0.00135	0.0036	0.002475
2015	50	0.00144	0.00372	0.00258
2015	51	0.00132	0.00367	0.002495
2015	52	0.00157	0.00472	0.003145
2015	53	0.00156	0.00438	0.00297
2015	54	0.00174	0.00515	0.003445
2015	55	0.00184	0.00541	0.003625
2015	56	0.00206	0.00569	0.003875
2015	57	0.00211	0.00617	0.00414
2015	58	0.00233	0.00677	0.00455
2015	59	0.00236	0.00723	0.004795
2015	60	0.0028	0.008	0.0054
2015	61	0.00287	0.00843	0.00565
2015	62	0.00321	0.00893	0.00607
2015	63	0.00366	0.01041	0.007035
2015	64	0.0038	0.01096	0.00738
2015	65	0.00438	0.01211	0.008245
2015	66	0.00455	0.01259	0.00857
2015	67	0.0051	0.01365	0.009375
2015	68	0.00653	0.01613	0.01133
2015	69	0.00612	0.01609	0.011105
2015	70	0.00824	0.01913	0.013685
2015	71	0.00916	0.02054	0.01485
2015	72	0.01039	0.02554	0.017965
2015	73	0.01252	0.02823	0.020375
2015	74	0.01395	0.03079	0.02237
2015	75	0.01668	0.03535	0.026015
2015	76	0.01864	0.04018	0.02941
2015	77	0.02202	0.04583	0.033925
2015	78	0.02641	0.0527	0.039555
2015	79	0.02974	0.05762	0.04368
2015	80	0.03401	0.06507	0.04954
2015	81	0.04002	0.07193	0.055975
2015	82	0.04665	0.08146	0.064055
2015	83	0.05602	0.09024	0.07313
2015	84	0.06161	0.09874	0.080175
2015	85	0.07276	0.11651	0.094635
2015	86	0.08472	0.12779	0.106255
2015	87	0.09488	0.14438	0.11963
2015	88	0.10988	0.15944	0.13466
2015	89	0.11985	0.16474	0.142295
2015	90	0.13914	0.18948	0.16431
2015	91	0.14487	0.20564	0.175255
2015	92	0.18849	0.23605	0.21227
2015	93	0.19204	0.23897	0.215505
2015	94	0.20893	0.24853	0.22873
2015	95	0.2431	0.29279	0.267945
2015	96	0.27042	0.31788	0.29415
2015	97	0.2996	0.34407	0.321835
2015	98	0.33051	0.37124	0.350875
2015	99	0.36295	0.39925	0.3811
2015	100	0.39668	0.42794	0.41231
2015	101	0.43143	0.45712	0.444275
2015	102	0.46687	0.4866	0.476735
2015	103	0.50265	0.51617	0.50941
2015	104	0.53839	0.54563	0.54201
2015	105	0.57375	0.57477	0.57426
2015	106	0.60837	0.6034	0.605885
2015	107	0.64193	0.63134	0.636635
2015	108	0.67416	0.65843	0.666295
2015	109	0.70482	0.68452	0.69467
2015	110+	0.73373	0.7095	0.721615
2016	0	0.00256	0.00305	0.002805
2016	1	0.00019	0.0003	0.000245
2016	2	0.00014	0.00019	0.000165
2016	3	0.00007	0.0001	0.000085
2016	4	0.00014	0.00009	0.000115
2016	5	0.00005	0.00015	0.0001
2016	6	0.0001	0.0001	0.0001
2016	7	0.0001	0.00008	0.00009
2016	8	0.00005	0.0001	0.000075
2016	9	0.00007	0.00008	0.000075
2016	10	0.00007	0.00007	0.00007
2016	11	0.00011	0.00012	0.000115
2016	12	0.00004	0.00009	0.000065
2016	13	0.00003	0.00007	0.00005
2016	14	0.00008	0.00011	0.000095
2016	15	0.00013	0.00016	0.000145
2016	16	0.00012	0.00025	0.000185
2016	17	0.00015	0.00025	0.0002
2016	18	0.00017	0.00037	0.00027
2016	19	0.00019	0.00041	0.0003
2016	20	0.00023	0.00036	0.000295
2016	21	0.00021	0.00025	0.00023
2016	22	0.00026	0.00041	0.000335
2016	23	0.00019	0.0005	0.000345
2016	24	0.00025	0.00048	0.000365
2016	25	0.00032	0.00048	0.0004
2016	26	0.00031	0.00058	0.000445
2016	27	0.00027	0.00059	0.00043
2016	28	0.00029	0.00057	0.00043
2016	29	0.00031	0.00059	0.00045
2016	30	0.00037	0.00062	0.000495
2016	31	0.00043	0.00071	0.00057
2016	32	0.00041	0.00075	0.00058
2016	33	0.00048	0.00069	0.000585
2016	34	0.00054	0.00082	0.00068
2016	35	0.0005	0.00083	0.000665
2016	36	0.00053	0.00082	0.000675
2016	37	0.00062	0.00096	0.00079
2016	38	0.00065	0.00101	0.00083
2016	39	0.00059	0.00124	0.000915
2016	40	0.00071	0.00134	0.001025
2016	41	0.00079	0.0015	0.001145
2016	42	0.00076	0.00167	0.001215
2016	43	0.00087	0.00166	0.001265
2016	44	0.00087	0.00189	0.00138
2016	45	0.00095	0.00209	0.00152
2016	46	0.00095	0.00229	0.00162
2016	47	0.00117	0.00268	0.001925
2016	48	0.00112	0.00276	0.00194
2016	49	0.00128	0.00306	0.00217
2016	50	0.00139	0.00375	0.00257
2016	51	0.00146	0.00368	0.00257
2016	52	0.0015	0.00406	0.00278
2016	53	0.00172	0.00465	0.003185
2016	54	0.00172	0.00442	0.00307
2016	55	0.0019	0.00539	0.003645
2016	56	0.00205	0.00548	0.003765
2016	57	0.00223	0.00613	0.00418
2016	58	0.00231	0.00636	0.004335
2016	59	0.00246	0.007	0.00473
2016	60	0.00269	0.00774	0.005215
2016	61	0.00309	0.00854	0.005815
2016	62	0.00319	0.00867	0.00593
2016	63	0.00339	0.00927	0.00633
2016	64	0.00386	0.01111	0.007485
2016	65	0.00409	0.01076	0.007425
2016	66	0.00457	0.01274	0.008655
2016	67	0.00527	0.01346	0.009365
2016	68	0.00568	0.01476	0.01022
2016	69	0.00679	0.01697	0.01188
2016	70	0.00691	0.01712	0.012015
2016	71	0.00896	0.02059	0.014775
2016	72	0.00944	0.02216	0.0158
2016	73	0.01132	0.02727	0.019295
2016	74	0.01364	0.03029	0.021965
2016	75	0.01573	0.03291	0.02432
2016	76	0.01805	0.03894	0.028495
2016	77	0.02146	0.04331	0.032385
2016	78	0.02424	0.04944	0.03684
2016	79	0.02812	0.05593	0.042025
2016	80	0.03375	0.06343	0.04859
2016	81	0.03869	0.07126	0.054975
2016	82	0.0455	0.0789	0.0622
2016	83	0.05151	0.08731	0.06941
2016	84	0.06141	0.1011	0.081255
2016	85	0.06992	0.10852	0.08922
2016	86	0.08299	0.12163	0.10231
2016	87	0.09326	0.13911	0.116185
2016	88	0.10556	0.15071	0.128135
2016	89	0.12046	0.16961	0.145035
2016	90	0.13689	0.18331	0.1601
2016	91	0.15243	0.20114	0.176785
2016	92	0.15921	0.21947	0.18934
2016	93	0.19936	0.25647	0.227915
2016	94	0.20419	0.24715	0.22567
2016	95	0.23516	0.28625	0.260705
2016	96	0.26166	0.31096	0.28631
2016	97	0.29	0.33679	0.313395
2016	98	0.32008	0.36364	0.34186
2016	99	0.35174	0.39136	0.37155
2016	100	0.38476	0.41981	0.402285
2016	101	0.41887	0.44879	0.43383
2016	102	0.45378	0.47813	0.465955
2016	103	0.48914	0.50762	0.49838
2016	104	0.52462	0.53706	0.53084
2016	105	0.55985	0.56624	0.563045
2016	106	0.59449	0.59497	0.59473
2016	107	0.62821	0.62306	0.625635
2016	108	0.66073	0.65035	0.65554
2016	109	0.69179	0.67669	0.68424
2016	110+	0.72122	0.70195	0.711585
2017	0	0.00241	0.00301	0.00271
2017	1	0.00023	0.00023	0.00023
2017	2	0.00012	0.00014	0.00013
2017	3	0.0001	0.00012	0.00011
2017	4	0.00012	0.00013	0.000125
2017	5	0.00009	0.00015	0.00012
2017	6	0.00007	0.00013	0.0001
2017	7	0.00007	0.00011	0.00009
2017	8	0.00005	0.00007	0.00006
2017	9	0.00005	0.00009	0.00007
2017	10	0.00007	0.0001	0.000085
2017	11	0.00004	0.00004	0.00004
2017	12	0.00011	0.0001	0.000105
2017	13	0.00006	0.00013	0.000095
2017	14	0.00008	0.00009	0.000085
2017	15	0.00008	0.00013	0.000105
2017	16	0.00016	0.00025	0.000205
2017	17	0.00013	0.00029	0.00021
2017	18	0.00014	0.00031	0.000225
2017	19	0.00017	0.00034	0.000255
2017	20	0.00023	0.00034	0.000285
2017	21	0.00018	0.00035	0.000265
2017	22	0.00018	0.00042	0.0003
2017	23	0.0002	0.00043	0.000315
2017	24	0.00023	0.00049	0.00036
2017	25	0.00027	0.0005	0.000385
2017	26	0.00028	0.00053	0.000405
2017	27	0.00028	0.00053	0.000405
2017	28	0.00026	0.00062	0.00044
2017	29	0.00031	0.00064	0.000475
2017	30	0.00035	0.0006	0.000475
2017	31	0.00042	0.00063	0.000525
2017	32	0.00036	0.00076	0.00056
2017	33	0.00042	0.00065	0.000535
2017	34	0.00053	0.00068	0.000605
2017	35	0.00052	0.00086	0.00069
2017	36	0.00047	0.00087	0.00067
2017	37	0.00054	0.00093	0.000735
2017	38	0.0006	0.00099	0.000795
2017	39	0.00062	0.00122	0.00092
2017	40	0.0007	0.0012	0.00095
2017	41	0.0007	0.00127	0.000985
2017	42	0.00073	0.0015	0.001115
2017	43	0.00089	0.0016	0.001245
2017	44	0.00089	0.00178	0.001335
2017	45	0.00081	0.00201	0.00141
2017	46	0.00104	0.0022	0.00162
2017	47	0.00106	0.00252	0.00179
2017	48	0.00119	0.00267	0.00193
2017	49	0.0012	0.00295	0.002075
2017	50	0.00139	0.00336	0.002375
2017	51	0.0015	0.00379	0.002645
2017	52	0.00137	0.00389	0.00263
2017	53	0.00143	0.0041	0.002765
2017	54	0.00166	0.00473	0.003195
2017	55	0.00158	0.00475	0.003165
2017	56	0.00193	0.00568	0.003805
2017	57	0.00195	0.00596	0.003955
2017	58	0.00205	0.00645	0.00425
2017	59	0.00216	0.00663	0.004395
2017	60	0.00245	0.00712	0.004785
2017	61	0.00252	0.00775	0.005135
2017	62	0.00312	0.00878	0.00595
2017	63	0.00303	0.00902	0.006025
2017	64	0.00351	0.00966	0.006585
2017	65	0.00398	0.01096	0.00747
2017	66	0.00422	0.01183	0.008025
2017	67	0.00496	0.01324	0.0091
2017	68	0.00543	0.01398	0.009705
2017	69	0.00604	0.01541	0.010725
2017	70	0.0075	0.01779	0.012645
2017	71	0.00744	0.01742	0.01243
2017	72	0.00915	0.02173	0.01544
2017	73	0.01045	0.02347	0.01696
2017	74	0.0133	0.02945	0.021375
2017	75	0.0152	0.03252	0.02386
2017	76	0.01699	0.03687	0.02693
2017	77	0.01971	0.04124	0.030475
2017	78	0.02375	0.04604	0.034895
2017	79	0.02656	0.05317	0.039865
2017	80	0.03185	0.06193	0.04689
2017	81	0.03636	0.06745	0.051905
2017	82	0.04436	0.07691	0.060635
2017	83	0.05153	0.08713	0.06933
2017	84	0.05923	0.09784	0.078535
2017	85	0.06969	0.10964	0.089665
2017	86	0.07802	0.11905	0.098535
2017	87	0.09266	0.13689	0.114775
2017	88	0.10424	0.15588	0.13006
2017	89	0.119	0.16367	0.141335
2017	90	0.13802	0.18644	0.16223
2017	91	0.14948	0.19682	0.17315
2017	92	0.16665	0.21571	0.19118
2017	93	0.17593	0.221	0.198465
2017	94	0.23409	0.26422	0.249155
2017	95	0.24181	0.28503	0.26342
2017	96	0.27	0.31001	0.290005
2017	97	0.30018	0.33615	0.318165
2017	98	0.3322	0.36333	0.347765
2017	99	0.36584	0.39141	0.378625
2017	100	0.40085	0.42023	0.41054
2017	101	0.4369	0.4496	0.44325
2017	102	0.47363	0.47933	0.47648
2017	103	0.51065	0.50921	0.50993
2017	104	0.54755	0.53902	0.543285
2017	105	0.58394	0.56855	0.576245
2017	106	0.61943	0.59761	0.60852
2017	107	0.65369	0.626	0.639845
2017	108	0.68643	0.65354	0.669985
2017	109	0.71741	0.68009	0.69875
2017	110+	0.74646	0.70553	0.725995
2018	0	0.00247	0.00314	0.002805
2018	1	0.00023	0.00019	0.00021
2018	2	0.00015	0.00013	0.00014
2018	3	0.0001	0.00011	0.000105
2018	4	0.00007	0.00008	0.000075
2018	5	0.00006	0.00011	0.000085
2018	6	0.00007	0.0001	0.000085
2018	7	0.00004	0.00006	0.00005
2018	8	0.00009	0.00009	0.00009
2018	9	0.00007	0.00007	0.00007
2018	10	0.00009	0.00008	0.000085
2018	11	0.00004	0.0001	0.00007
2018	12	0.00008	0.00009	0.000085
2018	13	0.00011	0.00009	0.0001
2018	14	0.00013	0.00014	0.000135
2018	15	0.00017	0.00018	0.000175
2018	16	0.00016	0.0002	0.00018
2018	17	0.00014	0.00026	0.0002
2018	18	0.00017	0.00029	0.00023
2018	19	0.00021	0.00034	0.000275
2018	20	0.00023	0.00036	0.000295
2018	21	0.00022	0.00034	0.00028
2018	22	0.00027	0.00039	0.00033
2018	23	0.00029	0.00045	0.00037
2018	24	0.00026	0.00047	0.000365
2018	25	0.00028	0.00044	0.00036
2018	26	0.00029	0.0005	0.000395
2018	27	0.00026	0.00052	0.00039
2018	28	0.0003	0.00058	0.00044
2018	29	0.00032	0.0006	0.00046
2018	30	0.0004	0.00056	0.00048
2018	31	0.00041	0.00069	0.00055
2018	32	0.00042	0.00074	0.00058
2018	33	0.00049	0.00077	0.00063
2018	34	0.00048	0.00079	0.000635
2018	35	0.00046	0.00081	0.000635
2018	36	0.00055	0.00089	0.00072
2018	37	0.00058	0.00098	0.00078
2018	38	0.00062	0.00111	0.000865
2018	39	0.00067	0.0012	0.000935
2018	40	0.0007	0.00119	0.000945
2018	41	0.00066	0.00133	0.000995
2018	42	0.00081	0.00139	0.0011
2018	43	0.00082	0.00162	0.00122
2018	44	0.00086	0.00188	0.00137
2018	45	0.00092	0.002	0.00146
2018	46	0.00099	0.00226	0.001625
2018	47	0.00104	0.00234	0.00169
2018	48	0.00113	0.00268	0.001905
2018	49	0.00133	0.00301	0.00217
2018	50	0.0013	0.00322	0.00226
2018	51	0.00138	0.00345	0.002415
2018	52	0.00158	0.00393	0.002755
2018	53	0.00157	0.00432	0.002945
2018	54	0.00168	0.00446	0.00307
2018	55	0.00174	0.00505	0.003395
2018	56	0.00177	0.00507	0.00342
2018	57	0.0021	0.00589	0.003995
2018	58	0.00216	0.00634	0.00425
2018	59	0.00235	0.00658	0.004465
2018	60	0.00236	0.0071	0.00473
2018	61	0.00267	0.00743	0.00505
2018	62	0.0029	0.00826	0.00558
2018	63	0.00323	0.00965	0.00644
2018	64	0.00338	0.00976	0.00657
2018	65	0.00376	0.01043	0.007095
2018	66	0.00424	0.01207	0.008155
2018	67	0.00465	0.01298	0.008815
2018	68	0.00554	0.01447	0.010005
2018	69	0.00604	0.01529	0.010665
2018	70	0.0066	0.01678	0.01169
2018	71	0.00802	0.01979	0.013905
2018	72	0.00782	0.0197	0.01376
2018	73	0.01057	0.02427	0.01742
2018	74	0.01176	0.02539	0.018575
2018	75	0.01431	0.03291	0.02361
2018	76	0.01704	0.03617	0.026605
2018	77	0.01894	0.03973	0.029335
2018	78	0.02351	0.04705	0.03528
2018	79	0.02729	0.0525	0.039895
2018	80	0.03055	0.05841	0.04448
2018	81	0.03611	0.06909	0.0526
2018	82	0.04336	0.07811	0.060735
2018	83	0.05141	0.08781	0.06961
2018	84	0.05885	0.09777	0.07831
2018	85	0.06822	0.10907	0.088645
2018	86	0.07933	0.12008	0.099705
2018	87	0.09029	0.13275	0.11152
2018	88	0.10518	0.15636	0.13077
2018	89	0.12012	0.17261	0.146365
2018	90	0.13761	0.18533	0.16147
2018	91	0.15442	0.19952	0.17697
2018	92	0.16952	0.2118	0.19066
2018	93	0.19871	0.22456	0.211635
2018	94	0.20183	0.25804	0.229935
2018	95	0.24437	0.29087	0.26762
2018	96	0.27317	0.31671	0.29494
2018	97	0.304	0.34373	0.323865
2018	98	0.33669	0.3718	0.354245
2018	99	0.37103	0.40077	0.3859
2018	100	0.40672	0.43044	0.41858
2018	101	0.44343	0.46062	0.452025
2018	102	0.48076	0.4911	0.48593
2018	103	0.51831	0.52164	0.519975
2018	104	0.55565	0.55202	0.553835
2018	105	0.59237	0.58202	0.587195
2018	106	0.62809	0.61142	0.619755
2018	107	0.66247	0.64003	0.65125
2018	108	0.69521	0.66768	0.681445
2018	109	0.72608	0.69423	0.710155
2018	110+	0.75493	0.71954	0.737235
2019	0	0.0024	0.00297	0.002685
2019	1	0.00024	0.00022	0.00023
2019	2	0.00018	0.00012	0.00015
2019	3	0.00011	0.00015	0.00013
2019	4	0.00006	0.00011	0.000085
2019	5	0.00011	0.00013	0.00012
2019	6	0.00008	0.00009	0.000085
2019	7	0.00003	0.00009	0.00006
2019	8	0.00003	0.00006	0.000045
2019	9	0.00006	0.00009	0.000075
2019	10	0.00002	0.00006	0.00004
2019	11	0.00005	0.00006	0.000055
2019	12	0.00005	0.0001	0.000075
2019	13	0.00013	0.00013	0.00013
2019	14	0.00009	0.00011	0.0001
2019	15	0.00013	0.0002	0.000165
2019	16	0.00015	0.00023	0.00019
2019	17	0.00019	0.00026	0.000225
2019	18	0.00022	0.0003	0.00026
2019	19	0.0002	0.00031	0.000255
2019	20	0.00027	0.00034	0.000305
2019	21	0.00025	0.00038	0.000315
2019	22	0.00029	0.00037	0.00033
2019	23	0.00028	0.00045	0.000365
2019	24	0.00029	0.0004	0.000345
2019	25	0.00027	0.00045	0.00036
2019	26	0.0003	0.00055	0.000425
2019	27	0.00028	0.00058	0.00043
2019	28	0.00034	0.0005	0.00042
2019	29	0.00035	0.00051	0.00043
2019	30	0.00034	0.00062	0.00048
2019	31	0.0004	0.00054	0.00047
2019	32	0.00042	0.00078	0.0006
2019	33	0.00053	0.00076	0.000645
2019	34	0.00047	0.0008	0.000635
2019	35	0.00056	0.00088	0.00072
2019	36	0.00054	0.00092	0.00073
2019	37	0.00057	0.00091	0.00074
2019	38	0.00061	0.00104	0.000825
2019	39	0.0006	0.00114	0.00087
2019	40	0.0007	0.00123	0.000965
2019	41	0.00079	0.00127	0.00103
2019	42	0.0007	0.00142	0.00106
2019	43	0.00081	0.00142	0.001115
2019	44	0.00084	0.00167	0.001255
2019	45	0.00094	0.00191	0.001425
2019	46	0.00101	0.00219	0.0016
2019	47	0.00104	0.00224	0.00164
2019	48	0.00114	0.00259	0.001865
2019	49	0.00124	0.00275	0.001995
2019	50	0.00118	0.00324	0.00221
2019	51	0.0014	0.00333	0.002365
2019	52	0.00145	0.00384	0.002645
2019	53	0.00153	0.00413	0.00283
2019	54	0.00157	0.00438	0.002975
2019	55	0.00162	0.00439	0.003005
2019	56	0.00196	0.00533	0.003645
2019	57	0.00192	0.00526	0.00359
2019	58	0.00217	0.00626	0.004215
2019	59	0.0023	0.00663	0.004465
2019	60	0.00239	0.00672	0.004555
2019	61	0.00247	0.00724	0.004855
2019	62	0.00272	0.00813	0.005425
2019	63	0.00298	0.00884	0.00591
2019	64	0.00338	0.00947	0.006425
2019	65	0.00374	0.00973	0.006735
2019	66	0.004	0.01113	0.007565
2019	67	0.0046	0.01259	0.008595
2019	68	0.00507	0.01342	0.009245
2019	69	0.00568	0.01536	0.01052
2019	70	0.00634	0.0162	0.01127
2019	71	0.00726	0.01776	0.01251
2019	72	0.00835	0.02091	0.01463
2019	73	0.00901	0.02092	0.014965
2019	74	0.0115	0.02642	0.01896
2019	75	0.01295	0.02794	0.020445
2019	76	0.01559	0.03375	0.02467
2019	77	0.01785	0.03805	0.02795
2019	78	0.01996	0.04255	0.031255
2019	79	0.02507	0.04958	0.037325
2019	80	0.02785	0.05559	0.04172
2019	81	0.03346	0.06237	0.047915
2019	82	0.03932	0.07224	0.05578
2019	83	0.04544	0.08021	0.062825
2019	84	0.05411	0.09284	0.073475
2019	85	0.06244	0.09996	0.0812
2019	86	0.07129	0.1161	0.093695
2019	87	0.08506	0.12646	0.10576
2019	88	0.09606	0.14011	0.118085
2019	89	0.11334	0.15682	0.13508
2019	90	0.12641	0.18008	0.153245
2019	91	0.1449	0.1845	0.1647
2019	92	0.15604	0.2024	0.17922
2019	93	0.1746	0.21538	0.19499
2019	94	0.19364	0.25142	0.22253
2019	95	0.22563	0.27538	0.250505
2019	96	0.25279	0.30048	0.276635
2019	97	0.28203	0.32684	0.304435
2019	98	0.31323	0.35434	0.333785
2019	99	0.34622	0.38284	0.36453
2019	100	0.38076	0.41217	0.396465
2019	101	0.41655	0.44214	0.429345
2019	102	0.45324	0.47253	0.462885
2019	103	0.49045	0.50313	0.49679
2019	104	0.52776	0.5337	0.53073
2019	105	0.56477	0.56402	0.564395
2019	106	0.60106	0.59387	0.597465
2019	107	0.63628	0.62305	0.629665
2019	108	0.6701	0.65136	0.66073
2019	109	0.70224	0.67864	0.69044
2019	110+	0.73251	0.70475	0.71863
2020	0	0.00211	0.00271	0.00241
2020	1	0.00019	0.00021	0.0002
2020	2	0.00013	0.00015	0.00014
2020	3	0.00007	0.00011	0.00009
2020	4	0.00007	0.00011	0.00009
2020	5	0.00006	0.00006	0.00006
2020	6	0.00007	0.00006	0.000065
2020	7	0.00006	0.00009	0.000075
2020	8	0.00006	0.00006	0.00006
2020	9	0.00004	0.00006	0.00005
2020	10	0.00006	0.00009	0.000075
2020	11	0.00005	0.00009	0.00007
2020	12	0.00007	0.00009	0.00008
2020	13	0.00009	0.00014	0.000115
2020	14	0.0001	0.0001	0.0001
2020	15	0.00012	0.00018	0.00015
2020	16	0.00016	0.00025	0.000205
2020	17	0.0002	0.00033	0.000265
2020	18	0.00013	0.00028	0.000205
2020	19	0.00019	0.00031	0.00025
2020	20	0.00026	0.00029	0.000275
2020	21	0.00028	0.00037	0.000325
2020	22	0.00028	0.00036	0.00032
2020	23	0.00031	0.00042	0.000365
2020	24	0.00036	0.00044	0.0004
2020	25	0.00031	0.00049	0.0004
2020	26	0.00032	0.00055	0.000435
2020	27	0.00038	0.00054	0.00046
2020	28	0.00037	0.00056	0.000465
2020	29	0.00037	0.0006	0.000485
2020	30	0.00042	0.00063	0.000525
2020	31	0.00046	0.00066	0.00056
2020	32	0.00038	0.00066	0.00052
2020	33	0.00042	0.0007	0.00056
2020	34	0.00046	0.00077	0.000615
2020	35	0.00055	0.00091	0.00073
2020	36	0.00058	0.0009	0.00074
2020	37	0.00059	0.00092	0.000755
2020	38	0.00067	0.00108	0.000875
2020	39	0.00067	0.00096	0.000815
2020	40	0.00065	0.00117	0.00091
2020	41	0.00065	0.00125	0.00095
2020	42	0.00082	0.00137	0.001095
2020	43	0.00078	0.00139	0.001085
2020	44	0.00092	0.00173	0.001325
2020	45	0.00093	0.00178	0.001355
2020	46	0.001	0.00205	0.001525
2020	47	0.00112	0.00226	0.00169
2020	48	0.00117	0.00245	0.00181
2020	49	0.00128	0.00271	0.001995
2020	50	0.00126	0.00297	0.002115
2020	51	0.00133	0.0032	0.002265
2020	52	0.00143	0.00364	0.002535
2020	53	0.00159	0.00384	0.002715
2020	54	0.00159	0.00413	0.00286
2020	55	0.00175	0.00464	0.003195
2020	56	0.00185	0.00486	0.003355
2020	57	0.00198	0.0056	0.00379
2020	58	0.00196	0.00551	0.003735
2020	59	0.00232	0.00635	0.004335
2020	60	0.0024	0.00687	0.004635
2020	61	0.00267	0.00718	0.004925
2020	62	0.00257	0.00757	0.00507
2020	63	0.00305	0.00848	0.005765
2020	64	0.00335	0.0089	0.006125
2020	65	0.00354	0.01029	0.006915
2020	66	0.00396	0.01061	0.007285
2020	67	0.00411	0.01206	0.008085
2020	68	0.00527	0.01362	0.009445
2020	69	0.00545	0.01447	0.00996
2020	70	0.00602	0.01667	0.011345
2020	71	0.00687	0.01728	0.012075
2020	72	0.00784	0.01974	0.01379
2020	73	0.00964	0.02244	0.01604
2020	74	0.00924	0.02206	0.01565
2020	75	0.01301	0.02906	0.021035
2020	76	0.01423	0.03031	0.02227
2020	77	0.01769	0.03816	0.027925
2020	78	0.02033	0.0434	0.031865
2020	79	0.02315	0.0473	0.035225
2020	80	0.02829	0.05355	0.04092
2020	81	0.03278	0.06198	0.04738
2020	82	0.03822	0.06929	0.053755
2020	83	0.04487	0.07999	0.06243
2020	84	0.05237	0.09168	0.072025
2020	85	0.06151	0.10124	0.081375
2020	86	0.07121	0.11281	0.09201
2020	87	0.08212	0.12743	0.104775
2020	88	0.09655	0.14556	0.121055
2020	89	0.10826	0.15181	0.130035
2020	90	0.12903	0.18141	0.15522
2020	91	0.14207	0.19032	0.166195
2020	92	0.15527	0.20776	0.181515
2020	93	0.17547	0.22546	0.200465
2020	94	0.18583	0.21878	0.202305
2020	95	0.22018	0.27477	0.247475
2020	96	0.2466	0.30004	0.27332
2020	97	0.27507	0.32659	0.30083
2020	98	0.30549	0.35429	0.32989
2020	99	0.33771	0.38301	0.36036
2020	100	0.37151	0.41256	0.392035
2020	101	0.40662	0.44277	0.424695
2020	102	0.4427	0.4734	0.45805
2020	103	0.47941	0.50423	0.49182
2020	104	0.51633	0.53503	0.52568
2020	105	0.55308	0.56556	0.55932
2020	106	0.58926	0.59561	0.592435
2020	107	0.62449	0.62496	0.624725
2020	108	0.65846	0.65341	0.655935
2020	109	0.69087	0.68081	0.68584
2020	110+	0.72151	0.70702	0.714265
